0 0.34467 0.8532879 0.0826291 0.153865
0 0.699666 0.587793 0.0757667 0.141228
0 0.779955 0.733104 0.0772794 0.131765
0 0.107976 0.692933 0.0830667 0.139437
0 0.363008 0.70701 0.0804696 0.149799
0 0.857616 0.732231 0.0793408 0.137848
0 0.131522 0.571609 0.0782603 0.136886
0 0.947281 0.899891 0.083392 0.14587
0 0.045985 0.604463 0.0824791 0.14279
0 0.430678 0.932446 0.0806261 0.135108
0 0.514578 0.929006 0.0824187 0.141989
0 0.174398 0.803592 0.0840616 0.157525
0 0.698269 0.735801 0.0765854 0.143795
0 0.26988 0.7766 0.075715 0.147468
0 0.524001 0.793507 0.0820652 0.146706
0 0.238459 0.933964 0.0867872 0.132073
0 0.143864 0.940069 0.0884205 0.119863
0 0.863135 0.8670279 0.0796505 0.144619
0 0.78052 0.8615459 0.0762118 0.141178
0 0.62015 0.740996 0.0747808 0.148645
0 0.444408 0.778606 0.073594 0.140653
0 0.930009 0.599946 0.0759833 0.138159
0 0.156502 0.455636 0.0743557 0.128937
0 0.196765 0.666935 0.0719189 0.134978
0 0.223552 0.54996 0.0756321 0.131733
0 0.37983 0.578971 0.0736689 0.128171
0 0.622838 0.61066 0.0737486 0.124395
0 0.12053 0.292861 0.0742133 0.130081
0 0.545248 0.596393 0.0696858 0.136472
0 0.288048 0.626889 0.0782419 0.141381
0 0.576846 0.160109 0.0609589 0.105378
0 0.309591 0.48434 0.0757657 0.13764
0 0.582672 0.0567597 0.0603771 0.107801
0 0.896064 0.12111 0.06147 0.107448
0 0.179677 0.347445 0.0728029 0.128315
0 0.777205 0.177319 0.0574463 0.108019
0 0.332018 0.353718 0.0699125 0.133001
0 0.703934 0.362578 0.0710319 0.112112
0 0.551419 0.46478 0.0705475 0.126958
0 0.609294 0.883418 0.0720619 0.140633
0 0.919403 0.477791 0.0726559 0.117763
0 0.9344428 0.751306 0.0713289 0.137743
0 0.631048 0.495783 0.0692258 0.125951
0 0.457918 0.628126 0.0676525 0.135254
0 0.394182 0.463663 0.0609355 0.120718
0 0.0494941 0.936371 0.0883114 0.127259
0 0.507281 0.167386 0.059886 0.120206
0 0.260056 0.326398 0.0700563 0.12952
0 0.518233 0.0661995 0.0553934 0.105255
0 0.852893 0.500492 0.0737396 0.118114
0 0.704078 0.46637 0.0709057 0.117977
0 0.145273 0.198891 0.068395 0.110033
0 0.561918 0.361236 0.0672735 0.113118
0 0.446229 0.0630426 0.062668 0.101718
0 0.242611 0.436997 0.0686925 0.117931
0 0.842375 0.27142 0.0591541 0.116075
0 0.48682 0.356606 0.0654574 0.125174
0 0.779108 0.278523 0.0647753 0.116883
0 0.283167 0.226792 0.0652398 0.109928
0 0.709083 0.261715 0.0619864 0.109954
0 0.903704 0.224195 0.0639107 0.113344
0 0.781247 0.613154 0.0698508 0.126254
0 0.77727 0.392918 0.0696076 0.113135
0 0.640204 0.378903 0.0655272 0.119876
0 0.846448 0.382752 0.0712101 0.122764
0 0.833296 0.109939 0.0576109 0.0951326
0 0.638444 0.282575 0.0629702 0.106068
0 0.568662 0.260475 0.066519 0.11178
0 0.856512 0.61004 0.0735681 0.119683
0 0.779456 0.487375 0.0715919 0.127154
0 0.045934 0.261243 0.0736157 0.11665
0 0.383854 0.0685703 0.0598285 0.105652
0 0.713607 0.0977211 0.056183 0.114655
0 0.645952 0.116688 0.0516733 0.0933299
0 0.20917 0.240104 0.0698295 0.127468
0 0.410682 0.336266 0.0660456 0.121502
0 0.771644 0.0559895 0.0589284 0.111979
0 0.421476 0.234375 0.0660828 0.109053
0 0.229451 0.141083 0.0674757 0.114581
0 0.911362 0.361671 0.0640842 0.122514
0 0.363876 0.16006 0.0708262 0.113494
0 0.977522 0.493355 0.044957 0.119089
0 0.0309565 0.352716 0.0619129 0.133049
0 0.106076 0.0921447 0.0634071 0.10918
0 0.174839 0.0811594 0.0627847 0.120425
0 0.9670169 0.219929 0.0623905 0.09749
0 0.0789041 0.171273 0.0720913 0.126842
0 0.352711 0.243159 0.0643368 0.126839
0 0.0927707 0.829081 0.0873839 0.159427
0 0.437934 0.152451 0.0561522 0.100597
0 0.651445 0.0426486 0.0592157 0.0852973
0 0.642469 0.20082 0.0591095 0.0972868
0 0.9727771 0.386754 0.0529461 0.107578
0 0.840408 0.185365 0.0585842 0.0864682
0 0.0512856 0.0565914 0.0652043 0.107854
0 0.017223 0.802583 0.0344459 0.130934
0 0.781829 0.963086 0.0779526 0.0738272
0 0.982882 0.605542 0.034235 0.117638
0 0.314154 0.0750151 0.057629 0.0940531
0 0.0276103 0.131501 0.0552206 0.108674
0 0.831578 0.0395498 0.0572219 0.0790995
0 0.298865 0.142612 0.0669565 0.105599
0 0.9474809 0.0634729 0.06100081 0.0917561
0 0.9536829 0.1377802 0.05517874 0.08415464
0 0.9857709 0.042461 0.0278587 0.0849219
0 0.985351 0.722241 0.0292984 0.121607
0 0.01008272 0.521917 0.0201653 0.106951
0 0.244301 0.0584612 0.064952 0.116922
0 0.692453 0.966375 0.0663675 0.0672492
0 0.987992 0.856994 0.0239776 0.102892
0 0.9688661 0.298421 0.0622681 0.0993553
0 0.863326 0.9663631 0.06829 0.0672728
0 0.9912909 0.118505 0.0169174 0.0781143
0 0.886534 0.0304335 0.0531763 0.060867
0 0.343153 0.978383 0.0359932 0.0432336
