0 0.103386 0.661483 0.0828311 0.138575
0 0.45005 0.664271 0.0759729 0.140071
0 0.853622 0.765204 0.0787781 0.138347
0 0.345008 0.853893 0.0820715 0.156112
0 0.0571774 0.496535 0.0784757 0.134572
0 0.0781543 0.794387 0.0886303 0.149528
0 0.847806 0.618307 0.0752941 0.137075
0 0.526315 0.740089 0.0750408 0.150612
0 0.513147 0.893875 0.0808605 0.150245
0 0.249087 0.854713 0.084498 0.151909
0 0.772799 0.773814 0.0799046 0.147455
0 0.933515 0.868367 0.0788417 0.140933
0 0.161805 0.8493261 0.0779923 0.154175
0 0.773412 0.641519 0.0758669 0.134208
0 0.0493237 0.927543 0.0911617 0.144914
0 0.773478 0.915196 0.0786121 0.143865
0 0.264837 0.72339 0.081137 0.138904
0 0.694443 0.625566 0.0734134 0.136589
0 0.371758 0.581052 0.0724279 0.126018
0 0.611274 0.682885 0.067512 0.13509
0 0.610003 0.81608 0.0761078 0.142341
0 0.334047 0.267772 0.0695395 0.114774
0 0.927385 0.736328 0.0739752 0.135924
0 0.912049 0.50875 0.0709593 0.115628
0 0.905332 0.410056 0.0694988 0.108984
0 0.251539 0.323778 0.0739776 0.130689
0 0.533065 0.610539 0.0746542 0.129344
0 0.837176 0.394528 0.0710688 0.119515
0 0.166698 0.367388 0.0736839 0.130938
0 0.323633 0.371994 0.0692736 0.121277
0 0.144397 0.559657 0.0798856 0.137194
0 0.0349891 0.622667 0.0699783 0.141691
0 0.960439 0.297325 0.0675728 0.109323
0 0.465662 0.516267 0.071611 0.139172
0 0.431617 0.81282 0.0757504 0.142441
0 0.207862 0.626747 0.0735507 0.139484
0 0.691263 0.818779 0.0710664 0.140826
0 0.415846 0.254288 0.0638746 0.109178
0 0.0927075 0.368605 0.0716184 0.127206
0 0.293996 0.604498 0.0755744 0.137023
0 0.306802 0.482657 0.0719228 0.132056
0 0.542665 0.489975 0.0619835 0.123607
0 0.391102 0.463283 0.0673803 0.125174
0 0.694352 0.94204 0.0729393 0.115919
0 0.132486 0.462094 0.080129 0.128814
0 0.119012 0.245746 0.0699067 0.126964
0 0.831148 0.232436 0.062524 0.116657
0 0.476835 0.3874 0.0713279 0.127995
0 0.768084 0.420912 0.0668372 0.111986
0 0.209878 0.177619 0.0718084 0.113346
0 0.356561 0.701091 0.0727953 0.137332
0 0.550666 0.363893 0.066522 0.128735
0 0.700585 0.281486 0.0648783 0.103326
0 0.895204 0.309369 0.0674223 0.11077
0 0.700941 0.485802 0.0630619 0.1274
0 0.700188 0.0844916 0.06071069 0.102462
0 0.823357 0.12318 0.062493 0.11037
0 0.888376 0.198967 0.0632492 0.115575
0 0.767535 0.312362 0.06227539 0.116121
0 0.63561 0.101141 0.0597566 0.0990481
0 0.633226 0.197532 0.061501 0.117921
0 0.488108 0.284475 0.0661355 0.109823
0 0.500366 0.0944983 0.0620873 0.100419
0 0.190136 0.270848 0.0684087 0.11404
0 0.771718 0.524582 0.0733514 0.120786
0 0.570501 0.0898048 0.0613989 0.106996
0 0.975278 0.631226 0.049445 0.120254
0 0.622936 0.387959 0.0612143 0.124648
0 0.9155419 0.618576 0.0695977 0.120065
0 0.404046 0.358375 0.0725111 0.124627
0 0.597226 0.9510621 0.0816323 0.0978754
0 0.145685 0.144335 0.0630292 0.119476
0 0.699384 0.183751 0.059999 0.107348
0 0.496041 0.184578 0.0637629 0.108471
0 0.278087 0.212837 0.0622216 0.12005
0 0.843276 0.499385 0.0704939 0.115701
0 0.295263 0.115738 0.062066 0.106274
0 0.966241 0.404449 0.0662626 0.123739
0 0.761961 0.06957325 0.05607806 0.1029325
0 0.937814 0.0622199 0.0576329 0.0928228
0 0.352251 0.165422 0.0675131 0.11846
0 0.416821 0.956701 0.0808086 0.0865987
0 0.5574 0.258769 0.0650946 0.108091
0 0.880504 0.0723664 0.0624658 0.132529
0 0.228193 0.095072 0.0611468 0.0988273
0 0.0312294 0.101307 0.06155889 0.120988
0 0.700154 0.375475 0.0655677 0.115808
0 0.973663 0.522964 0.0514213 0.107973
0 0.765247 0.229012 0.0581905 0.0999145
0 0.020005 0.753591 0.0400099 0.138033
0 0.980925 0.749402 0.0381508 0.131778
0 0.563006 0.176996 0.0586386 0.0940461
0 0.765903 0.146845 0.0560226 0.0887659
0 0.166187 0.0635338 0.0656269 0.11
0 0.0172065 0.187457 0.034413 0.110636
0 0.310832 0.0433645 0.0584947 0.086729
0 0.941294 0.139952 0.0541315 0.0917222
0 0.952441 0.208036 0.0656449 0.105313
0 0.9782712 0.0409015 0.0430061 0.081803
0 0.370353 0.0872389 0.0617988 0.11303
0 0.233999 0.960813 0.06973 0.0783746
0 0.006622421 0.277606 0.0132448 0.088902
0 0.9895961 0.232786 0.0208081 0.0763811
0 0.4337722 0.1007931 0.0572782 0.07999829
0 0.985434 0.14561 0.0291319 0.0978095
0 0.445643 0.03648863 0.0554148 0.06968509
0 0.940099 0.966032 0.0753021 0.0679368
0 0.987882 0.883026 0.0242369 0.11158
0 0.050563 0.0363165 0.066497 0.0726329
0 0.4255939 0.1680961 0.06209579 0.08109746
0 0.320765 0.966134 0.0719491 0.0677313
0 0.00620434 0.8756099 0.0120565 0.0783037
0 0.246088 0.037704 0.0616747 0.0754081
0 0.5168235 0.02743516 0.0554148 0.05157813
0 0.5728132 0.02661213 0.05628285 0.04993206
0 0.6370493 0.02908127 0.05454674 0.05487034
0 0.6982472 0.02167386 0.05020646 0.04005553
