0 0.107198 0.639817 0.0802607 0.14546
0 0.664888 0.927299 0.07859 0.145402
0 0.751752 0.92862 0.081477 0.142759
0 0.0740251 0.78078 0.0864668 0.14746
0 0.23592 0.8321 0.0823863 0.147361
0 0.0438407 0.93089 0.0861114 0.13822
0 0.144621 0.858865 0.0863179 0.157106
0 0.827143 0.789519 0.0769653 0.144422
0 0.401447 0.9128301 0.0772496 0.144735
0 0.309799 0.939132 0.0863905 0.121735
0 0.17607 0.694061 0.0781748 0.134481
0 0.0495507 0.551598 0.0800724 0.131129
0 0.48887 0.899039 0.0787979 0.149697
0 0.66706 0.796067 0.0753828 0.133314
0 0.748962 0.781052 0.0746377 0.145382
0 0.471871 0.224126 0.0623703 0.101643
0 0.497807 0.763404 0.0724221 0.135107
0 0.59532 0.503949 0.0709076 0.113231
0 0.360711 0.534716 0.074551 0.120505
0 0.747822 0.654628 0.0719149 0.127161
0 0.45502 0.411437 0.0671297 0.110053
0 0.130711 0.52159 0.0749646 0.125921
0 0.587316 0.744439 0.0755255 0.139981
0 0.836899 0.938579 0.0794882 0.122841
0 0.345786 0.655278 0.0741073 0.144511
0 0.798555 0.150156 0.0585338 0.0992176
0 0.546601 0.127871 0.0595125 0.103535
0 0.591301 0.614754 0.0722086 0.130437
0 0.67194 0.523594 0.0706798 0.134635
0 0.203622 0.204439 0.0640755 0.107602
0 0.518699 0.530337 0.0670098 0.11786
0 0.820998 0.64076 0.0695078 0.129274
0 0.876617 0.368912 0.0655697 0.108118
0 0.856267 0.103564 0.0587637 0.104985
0 0.331873 0.791121 0.0703691 0.136985
0 0.67845 0.0546429 0.0551037 0.103079
0 0.427219 0.658718 0.0709255 0.140326
0 0.15076 0.138517 0.065314 0.105808
0 0.670846 0.400523 0.0649508 0.117259
0 0.744979 0.417546 0.0694796 0.121149
0 0.946244 0.418445 0.0612718 0.115426
0 0.540122 0.224331 0.0616552 0.107194
0 0.508665 0.642835 0.0742201 0.130134
0 0.9583228 0.540956 0.0709438 0.128039
0 0.284654 0.535621 0.0711081 0.132154
0 0.0791041 0.430687 0.0715002 0.129784
0 0.443668 0.520654 0.0720445 0.130752
0 0.489907 0.0554378 0.0570328 0.107777
0 0.107271 0.321303 0.0706765 0.122737
0 0.265965 0.670404 0.0694497 0.143621
0 0.37363 0.419962 0.0650717 0.120078
0 0.677244 0.28757 0.0663675 0.116405
0 0.966785 0.654681 0.0664303 0.114154
0 0.746042 0.537536 0.0689678 0.120024
0 0.674445 0.156407 0.06131859 0.108917
0 0.812683 0.416061 0.0672023 0.110553
0 0.303862 0.408091 0.0647557 0.124824
0 0.882332 0.475761 0.0672092 0.125803
0 0.250709 0.320524 0.0610142 0.117215
0 0.671028 0.669126 0.072876 0.134478
0 0.93584 0.311477 0.0660889 0.111706
0 0.18341 0.298131 0.0663602 0.122554
0 0.063499 0.226086 0.0668153 0.118023
0 0.580595 0.892269 0.0708386 0.143581
0 0.031348 0.125418 0.0589553 0.11175
0 0.299953 0.0459909 0.0544967 0.0919819
0 0.9185979 0.118539 0.0582128 0.0981047
0 0.532144 0.321053 0.0641399 0.100153
0 0.286495 0.137506 0.0615513 0.11242
0 0.464099 0.316253 0.0661129 0.10886
0 0.816462 0.519619 0.0701355 0.122486
0 0.158961 0.412525 0.065514 0.117355
0 0.218548 0.949182 0.0798269 0.101635
0 0.742248 0.308768 0.0606615 0.106977
0 0.605731 0.307313 0.0673692 0.115165
0 0.976949 0.923132 0.0461027 0.141941
0 0.594602 0.405455 0.0682333 0.106226
0 0.236956 0.0483037 0.0608116 0.0966074
0 0.609494 0.210582 0.0617367 0.1061
0 0.206027 0.575953 0.0667857 0.131203
0 0.810056 0.324053 0.0648542 0.101387
0 0.318686 0.307266 0.0642066 0.11098
0 0.803481 0.240606 0.0608411 0.104435
0 0.335056 0.21252 0.0635138 0.110682
0 0.9712012 0.774606 0.0575979 0.133086
0 0.366834 0.0442692 0.0584337 0.0885385
0 0.132179 0.224108 0.0651269 0.114906
0 0.927601 0.205508 0.0640697 0.110066
0 0.347702 0.132932 0.0573595 0.0991718
0 0.79907 0.0548598 0.0597777 0.105285
0 0.388466 0.316543 0.0644559 0.108552
0 0.614471 0.0484118 0.0497921 0.0918278
0 0.524593 0.41256 0.068112 0.123081
0 0.176612 0.0529905 0.0604571 0.105981
0 0.107671 0.0676795 0.0574977 0.0953067
0 0.414364 0.156501 0.05711211 0.0955481
0 0.9688609 0.079449 0.0585279 0.0901765
0 0.0307428 0.665681 0.060239 0.138694
0 0.02583318 0.388077 0.0516663 0.110713
0 0.221567 0.128224 0.0573219 0.0981068
0 0.425593 0.0765653 0.0546918 0.0901463
0 0.0880458 0.139081 0.0629855 0.107985
0 0.742318 0.225167 0.0610777 0.0937852
0 0.403014 0.231707 0.0601018 0.104076
0 0.738214 0.0743033 0.05881109 0.0976823
0 0.909649 0.0459658 0.0603306 0.0919316
0 0.01315641 0.503535 0.0261728 0.106747
0 0.983568 0.317013 0.032864 0.101669
0 0.613298 0.126676 0.0583492 0.0917241
0 0.979148 0.228021 0.0407091 0.100156
0 0.0540445 0.0474365 0.0571588 0.094873
0 0.02453974 0.2858242 0.04734332 0.109899
0 0.738715 0.149823 0.0605434 0.0926331
0 0.00987816 0.847626 0.0193799 0.108056
0 0.555233 0.0353045 0.0543441 0.070609
0 0.974722 0.151307 0.0489246 0.0885282
0 0.987964 0.40787 0.0240715 0.0908765
0 0.0154544 0.037162 0.0309088 0.074324
0 0.848908 0.032181 0.0569775 0.064362
0 0.99362 0.493596 0.0125164 0.0651094
0 0.0108116 0.867271 0.0216231 0.106943
