0 0.094271 0.785349 0.0865128 0.14862
0 0.345565 0.9011481 0.0846886 0.149273
0 0.855436 0.686075 0.075753 0.139558
0 0.139881 0.524435 0.0800665 0.138561
0 0.452248 0.737389 0.0750778 0.137632
0 0.254608 0.635491 0.0776714 0.14521
0 0.194144 0.707492 0.0774542 0.142686
0 0.618249 0.782033 0.075071 0.148362
0 0.526321 0.8577979 0.0785088 0.147852
0 0.937041 0.802262 0.0820556 0.142797
0 0.374608 0.639381 0.0785381 0.134452
0 0.252318 0.905064 0.0803762 0.153693
0 0.438483 0.891735 0.0818295 0.158096
0 0.773349 0.316128 0.067481 0.109101
0 0.114343 0.649959 0.083304 0.140389
0 0.699931 0.855227 0.0788412 0.141939
0 0.861289 0.8508468 0.0821524 0.152038
0 0.613291 0.927779 0.0773438 0.144441
0 0.166724 0.405383 0.0750847 0.130882
0 0.459586 0.608737 0.0700369 0.136583
0 0.84566 0.459866 0.069754 0.10893
0 0.623276 0.651612 0.0758797 0.128546
0 0.5366 0.703391 0.0732401 0.143664
0 0.304235 0.723991 0.0774341 0.136665
0 0.562577 0.340746 0.0673756 0.118079
0 0.370598 0.767983 0.073211 0.143838
0 0.549717 0.567889 0.0777947 0.142585
0 0.174035 0.844643 0.0891161 0.155412
0 0.0524613 0.939552 0.0926434 0.120896
0 0.24722 0.4041737 0.07434314 0.1184726
0 0.928612 0.65436 0.0775616 0.137906
0 0.0439229 0.28805 0.0742581 0.128402
0 0.966661 0.345363 0.0666776 0.114803
0 0.552672 0.457608 0.0759153 0.122998
0 0.706444 0.232804 0.0644086 0.118791
0 0.706034 0.425061 0.0619109 0.128118
0 0.334584 0.359829 0.0691576 0.134977
0 0.362837 0.138277 0.0639407 0.10872
0 0.768816 0.217317 0.0606495 0.10609
0 0.782791 0.8610311 0.0709091 0.140312
0 0.630341 0.531795 0.0632753 0.124255
0 0.707118 0.719295 0.0684677 0.137919
0 0.568553 0.224769 0.0645677 0.121491
0 0.389689 0.515771 0.0712671 0.13324
0 0.898054 0.291038 0.0654675 0.11487
0 0.850922 0.563563 0.0748024 0.121539
0 0.8930739 0.162638 0.0619188 0.110483
0 0.195166 0.279009 0.0674775 0.124289
0 0.913524 0.423555 0.0710396 0.105866
0 0.21708 0.185357 0.0628393 0.111397
0 0.0898477 0.113297 0.0734334 0.111524
0 0.775685 0.413678 0.0682546 0.112468
0 0.268896 0.302052 0.0694717 0.124009
0 0.76963 0.1227 0.0600323 0.102971
0 0.947644 0.112285 0.0619591 0.112086
0 0.482295 0.387365 0.0734305 0.123016
0 0.0352616 0.05881369 0.067757 0.116399
0 0.404883 0.404292 0.0658508 0.121895
0 0.916987 0.525092 0.071624 0.124536
0 0.417189 0.295847 0.0678076 0.114863
0 0.287199 0.199471 0.0682219 0.123484
0 0.46978 0.499265 0.0680325 0.117334
0 0.644014 0.30452 0.0677299 0.108227
0 0.0216662 0.151674 0.0433324 0.11114
0 0.708311 0.130703 0.0567932 0.0983744
0 0.77832 0.523157 0.06534 0.127928
0 0.84121 0.351649 0.0659937 0.112921
0 0.781986 0.672945 0.0718079 0.133121
0 0.02609687 0.384129 0.0521937 0.135119
0 0.634464 0.403805 0.0670568 0.118942
0 0.30312 0.116736 0.0593034 0.10455
0 0.708905 0.0450316 0.0621116 0.0900633
0 0.381033 0.0525643 0.0563302 0.105129
0 0.9740598 0.444158 0.0509554 0.104043
0 0.426977 0.20253 0.0690264 0.113232
0 0.766025 0.0443656 0.0533987 0.0852531
0 0.8265159 0.09539941 0.0607916 0.102402
0 0.350963 0.241663 0.0634646 0.120799
0 0.235079 0.0957536 0.0645209 0.112467
0 0.86618 0.960513 0.076054 0.0789732
0 0.832574 0.179191 0.059127 0.09681
0 0.316882 0.0445561 0.0633727 0.0891121
0 0.143004 0.953082 0.0859953 0.0938361
0 0.0653145 0.193877 0.0784727 0.121023
0 0.640921 0.21061 0.0599087 0.105848
0 0.986495 0.770002 0.0269886 0.104278
0 0.9763429 0.542693 0.0473147 0.118282
0 0.836808 0.261748 0.0599481 0.0978479
0 0.518746 0.0487296 0.0563084 0.0974592
0 0.492812 0.286831 0.0657984 0.116928
0 0.5769891 0.1232673 0.06102213 0.1033574
0 0.439141 0.113992 0.0651107 0.106219
0 0.98094 0.659503 0.0381193 0.127439
0 0.644009 0.125185 0.0627427 0.108877
0 0.646047 0.0437296 0.0599121 0.0874593
0 0.580363 0.04300052 0.0598291 0.08270885
0 0.987877 0.178565 0.0237122 0.0828175
0 0.111921 0.0437082 0.0668707 0.0874164
0 0.9907756 0.9020423 0.01671265 0.09150963
0 0.5009726 0.1994808 0.06336257 0.09176722
0 0.784678 0.9630221 0.0761029 0.0739557
0 0.935212 0.0370339 0.0546345 0.0740678
0 0.504503 0.1248418 0.0648136 0.08430565
0 0.987794 0.0947446 0.0235025 0.0821559
0 0.00765117 0.49122 0.0153023 0.0994452
0 0.45099 0.0435376 0.0612688 0.0870753
0 0.253883 0.0352916 0.0581709 0.0705833
0 0.695027 0.9695 0.0692278 0.0610005
0 0.9613059 0.2416553 0.06523533 0.1082856
0 0.8200055 0.02885581 0.05992354 0.05441934
0 0.2272548 0.518577 0.07607925 0.1299953
0 0.1929783 0.02743387 0.05323618 0.05157555
