0 0.0443144 0.776294 0.0853141 0.148116
0 0.0708803 0.642707 0.08394 0.144401
0 0.15264 0.68839 0.0804347 0.138556
0 0.565618 0.914556 0.0828012 0.150582
0 0.894051 0.780392 0.0779346 0.140113
0 0.12228 0.817916 0.0881802 0.150172
0 0.74023 0.840368 0.0808973 0.143693
0 0.189209 0.492462 0.0780247 0.125227
0 0.20438 0.874545 0.0779306 0.153226
0 0.574052 0.761659 0.0795777 0.147905
0 0.206213 0.590266 0.0798551 0.134321
0 0.295394 0.875739 0.0826933 0.153521
0 0.388901 0.862524 0.0841231 0.15383
0 0.653605 0.696105 0.0739155 0.13244
0 0.322597 0.751302 0.0789596 0.144888
0 0.883973 0.637707 0.0762246 0.139094
0 0.819607 0.800573 0.0776825 0.149606
0 0.495479 0.687148 0.0740871 0.143122
0 0.101073 0.522783 0.0817906 0.132592
0 0.809044 0.441521 0.066947 0.107997
0 0.814453 0.663778 0.0718579 0.136436
0 0.580255 0.629092 0.0742155 0.125537
0 0.501911 0.545165 0.0766821 0.139755
0 0.654644 0.828339 0.0719045 0.141134
0 0.88301 0.409479 0.0693985 0.110146
0 0.964265 0.754939 0.0714693 0.131214
0 0.208831 0.386201 0.0748011 0.125145
0 0.738847 0.509342 0.0710539 0.125947
0 0.668928 0.110479 0.0537397 0.0994579
0 0.333958 0.617573 0.073371 0.135878
0 0.823567 0.936588 0.0756015 0.126824
0 0.0987856 0.941594 0.0880948 0.116813
0 0.423491 0.595807 0.0730413 0.130104
0 0.26725 0.648473 0.0713417 0.142326
0 0.522235 0.318764 0.0662481 0.122889
0 0.734584 0.64956 0.0723889 0.13582
0 0.933597 0.323145 0.0670319 0.112847
0 0.585867 0.51029 0.0639995 0.122502
0 0.670053 0.213705 0.0601327 0.120365
0 0.314468 0.226314 0.0600378 0.117063
0 0.920396 0.225979 0.0617283 0.111232
0 0.34849 0.498747 0.071035 0.129904
0 0.156721 0.268246 0.0731026 0.124873
0 0.482467 0.831474 0.06941 0.14419
0 0.968172 0.8920491 0.0636551 0.143761
0 0.737099 0.304393 0.0663973 0.108191
0 0.298287 0.340927 0.0740628 0.130795
0 0.96095 0.638551 0.0717109 0.12138
0 0.864506 0.267398 0.0634056 0.12035
0 0.406263 0.715463 0.0685884 0.13544
0 0.878508 0.511735 0.0714645 0.118215
0 0.512025 0.43775 0.0675873 0.119109
0 0.332363 0.124241 0.0614395 0.110757
0 0.735294 0.199402 0.0592224 0.10867
0 0.792682 0.163398 0.0539446 0.0966739
0 0.812869 0.545903 0.0703098 0.121856
0 0.441498 0.371168 0.0707624 0.123346
0 0.204787 0.0871917 0.0628867 0.118386
0 0.852826 0.140223 0.0570396 0.110699
0 0.531287 0.211235 0.0673205 0.117237
0 0.589807 0.385241 0.0637336 0.124043
0 0.802116 0.333381 0.0621944 0.114235
0 0.666263 0.40562 0.0650894 0.127433
0 0.02649228 0.926674 0.0529846 0.141227
0 0.431812 0.477529 0.0635189 0.120962
0 0.604659 0.11299 0.0604806 0.0990904
0 0.9515389 0.525347 0.0745049 0.125158
0 0.36399 0.387118 0.07102 0.124528
0 0.739602 0.401318 0.0679086 0.113694
0 0.13388 0.38661 0.0665025 0.131786
0 0.247715 0.187391 0.0661199 0.118345
0 0.0575469 0.107779 0.0712885 0.118513
0 0.179523 0.17619 0.0646569 0.117318
0 0.229905 0.286656 0.0724097 0.121749
0 0.734075 0.10504 0.0612159 0.0989329
0 0.9424098 0.426485 0.06211741 0.108433
0 0.967686 0.0808045 0.0566696 0.0939224
0 0.9113982 0.097697 0.0597368 0.111779
0 0.380837 0.28764 0.069428 0.123527
0 0.02118052 0.282774 0.0423609 0.124025
0 0.455062 0.269796 0.0649921 0.108171
0 0.739043 0.9511411 0.0802017 0.0977175
0 0.59253 0.281985 0.0666774 0.110996
0 0.7971371 0.08139066 0.06018855 0.1004241
0 0.798962 0.245995 0.0608404 0.0935672
0 0.348315 0.0432956 0.05841099 0.0865912
0 0.9725749 0.158641 0.0535787 0.0910185
0 0.602844 0.199318 0.0583748 0.0980266
0 0.0334795 0.188459 0.0669589 0.120649
0 0.976315 0.226815 0.0464066 0.0887973
0 0.54184 0.1142833 0.06101394 0.0937971
0 0.393492 0.187885 0.0661006 0.115075
0 0.656432 0.9628521 0.0761959 0.0742952
0 0.270594 0.110389 0.0609252 0.107093
0 0.01859522 0.0528249 0.0371905 0.10565
0 0.9808791 0.318908 0.0382414 0.112934
0 0.0794711 0.0387075 0.0661648 0.077415
0 0.608238 0.0375381 0.0579027 0.0750763
0 0.404174 0.104522 0.0644295 0.107088
0 0.985566 0.419836 0.0288687 0.101365
0 0.467312 0.966933 0.0752068 0.0661348
0 0.4619879 0.1842024 0.06270587 0.0852972
0 0.280738 0.0393687 0.061476 0.0787374
0 0.4685649 0.1087813 0.06010989 0.07773164
0 0.479825 0.0432976 0.0609495 0.0865952
0 0.414535 0.0376337 0.0585575 0.0752674
0 0.672888 0.0343327 0.0586824 0.0686654
0 0.5410979 0.03884388 0.05885909 0.07439557
0 0.733556 0.03698106 0.0574774 0.07066994
0 0.006523927 0.133903 0.0130478 0.0664065
0 0.27849 0.969283 0.0662439 0.0614344
0 0.993518 0.546686 0.0129638 0.0734059
0 0.006873501 0.388354 0.013747 0.0922255
0 0.9070579 0.03234882 0.0597368 0.06140547
0 0.9617454 0.02000315 0.05452847 0.03671412
