0 0.20809 0.802822 0.0856382 0.151686
0 0.0431155 0.766532 0.0828435 0.152776
0 0.807181 0.8512291 0.0762711 0.142529
0 0.725585 0.689607 0.0761511 0.139969
0 0.725232 0.828413 0.0773849 0.143098
0 0.136131 0.729266 0.0821543 0.14435
0 0.306212 0.73657 0.0746664 0.13652
0 0.106055 0.865433 0.0860139 0.151829
0 0.372612 0.8864661 0.0819007 0.149886
0 0.287651 0.9060882 0.0843167 0.157299
0 0.80672 0.708616 0.0749529 0.140668
0 0.470834 0.834419 0.0729303 0.141164
0 0.647472 0.688923 0.0758786 0.13028
0 0.874705 0.586568 0.0731837 0.130501
0 0.800511 0.569416 0.0722595 0.137137
0 0.9551461 0.697586 0.0749966 0.130761
0 0.39042 0.746017 0.0755 0.143548
0 0.081085 0.629696 0.0760689 0.132347
0 0.482662 0.696299 0.0753391 0.14188
0 0.464818 0.131583 0.0587843 0.0975519
0 0.640284 0.939369 0.0815589 0.121261
0 0.183569 0.945523 0.0842019 0.108954
0 0.193732 0.452688 0.0743044 0.131262
0 0.932516 0.366174 0.0695883 0.101262
0 0.235815 0.665174 0.0765024 0.148072
0 0.162352 0.596218 0.07715 0.137152
0 0.661954 0.252792 0.062813 0.103672
0 0.884219 0.70823 0.074176 0.132614
0 0.0997465 0.223618 0.0705366 0.123078
0 0.906561 0.092516 0.05884819 0.108803
0 0.512911 0.340318 0.0655342 0.104633
0 0.725747 0.558484 0.0714025 0.127641
0 0.410281 0.0611681 0.0583362 0.0955742
0 0.885578 0.839534 0.0732712 0.143427
0 0.793392 0.189087 0.0612905 0.116095
0 0.943765 0.563716 0.0685105 0.126472
0 0.796068 0.326117 0.0646564 0.121104
0 0.567204 0.700673 0.0717546 0.140784
0 0.02689023 0.538316 0.0537804 0.139386
0 0.603317 0.0792582 0.0572146 0.113434
0 0.592256 0.239282 0.0611231 0.113397
0 0.652652 0.57206 0.0695577 0.119447
0 0.573191 0.554582 0.0710894 0.13155
0 0.104147 0.516702 0.0745658 0.122926
0 0.0598155 0.436132 0.0757745 0.133671
0 0.641046 0.815011 0.0753347 0.14004
0 0.36779 0.332607 0.0641997 0.126975
0 0.043032 0.181457 0.0660658 0.108186
0 0.260793 0.139556 0.066927 0.111499
0 0.443059 0.319142 0.066699 0.110613
0 0.72753 0.341316 0.0696266 0.111141
0 0.315989 0.21105 0.0654108 0.108181
0 0.02146482 0.0948459 0.0429295 0.102489
0 0.493792 0.570247 0.0728126 0.131999
0 0.502754 0.442695 0.0689396 0.131372
0 0.280312 0.431484 0.0658 0.115959
0 0.546471 0.942373 0.0751535 0.115254
0 0.221958 0.328481 0.0645036 0.120983
0 0.41154 0.557152 0.0682948 0.134586
0 0.663377 0.148005 0.0594221 0.113489
0 0.923968 0.274404 0.0656782 0.100649
0 0.257022 0.543332 0.0748524 0.123475
0 0.0761069 0.0816442 0.0620905 0.111396
0 0.580335 0.432682 0.0675959 0.122822
0 0.655823 0.451012 0.0717213 0.126721
0 0.727258 0.448692 0.0712652 0.11549
0 0.477448 0.0439968 0.0579834 0.0879937
0 0.326294 0.593216 0.0648231 0.134381
0 0.242418 0.225954 0.0611121 0.112189
0 0.429664 0.422627 0.0673389 0.131032
0 0.29942 0.308243 0.0678139 0.121818
0 0.456612 0.221331 0.0647455 0.107675
0 0.129348 0.402713 0.0646058 0.11834
0 0.281802 0.053178 0.05805109 0.106356
0 0.656738 0.348758 0.0640963 0.105548
0 0.152926 0.310616 0.0727139 0.126594
0 0.872189 0.456508 0.0665905 0.12498
0 0.726762 0.236688 0.0625628 0.11389
0 0.9656609 0.863081 0.0686778 0.144943
0 0.667404 0.0440151 0.0568573 0.0880302
0 0.788393 0.0908053 0.0585423 0.101141
0 0.9380162 0.453775 0.0685711 0.11068
0 0.397201 0.153135 0.0589988 0.11699
0 0.969194 0.119876 0.0593548 0.107212
0 0.174753 0.21368 0.0648216 0.112228
0 0.129104 0.122962 0.0655635 0.120401
0 0.584081 0.338048 0.0672109 0.104876
0 0.799787 0.446711 0.0661543 0.119051
0 0.9151441 0.1861 0.0597374 0.103694
0 0.861768 0.346901 0.0665825 0.1114
0 0.854708 0.188053 0.0619224 0.0973097
0 0.723348 0.0802142 0.0523653 0.0887634
0 0.0263275 0.9170451 0.0526549 0.154106
0 0.722521 0.947565 0.0717771 0.104869
0 0.0675625 0.335808 0.0688349 0.106151
0 0.02727583 0.267904 0.0533527 0.124444
0 0.984014 0.417156 0.0319729 0.112666
0 0.896425 0.9568611 0.0807789 0.0862769
0 0.96256 0.0422091 0.0598282 0.0844182
0 0.334502 0.132864 0.0572967 0.10572
0 0.53744 0.0996324 0.053263 0.0915874
0 0.848935 0.106144 0.0594373 0.0897511
0 0.347002 0.0502206 0.0615147 0.100441
0 0.856863 0.271279 0.0623535 0.102377
0 0.519943 0.250355 0.0622437 0.100369
0 0.811741 0.9567 0.0798107 0.0865994
0 0.01275237 0.653419 0.0254506 0.113286
0 0.2108473 0.06344843 0.06147989 0.1013049
0 0.542098 0.0348954 0.0581484 0.0697908
0 0.9873292 0.528992 0.0253415 0.110596
0 0.1924268 0.1263511 0.06079587 0.0931451
0 0.729323 0.153378 0.0604086 0.0908436
0 0.456175 0.9622791 0.0779302 0.0754427
0 0.8447487 0.03474151 0.0613343 0.06619077
0 0.527923 0.178763 0.0592805 0.104747
0 0.153031 0.04633 0.0590769 0.09266
0 0.969725 0.9687119 0.0576393 0.0625765
0 0.525242 0.198755 0.0640875 0.140009
