0 0.43887 0.871894 0.0850969 0.152462
0 0.864927 0.735184 0.0788307 0.133945
0 0.261638 0.839624 0.0832116 0.158286
0 0.950257 0.878745 0.0831738 0.145046
0 0.196356 0.705014 0.0815232 0.14128
0 0.705041 0.897338 0.0735792 0.145553
0 0.939373 0.73947 0.0779538 0.14022
0 0.620825 0.802915 0.0762859 0.144817
0 0.0865864 0.819946 0.0829256 0.153658
0 0.612835 0.933862 0.0831861 0.132277
0 0.453942 0.725674 0.0774393 0.147914
0 0.0502147 0.438941 0.0811989 0.127807
0 0.359425 0.796905 0.0779119 0.145767
0 0.071425 0.541093 0.0807788 0.133422
0 0.0384096 0.648552 0.0768192 0.136621
0 0.177028 0.834892 0.0862892 0.148221
0 0.707606 0.752153 0.0768211 0.147631
0 0.394675 0.499782 0.0729109 0.13808
0 0.146283 0.945327 0.0840426 0.109347
0 0.102007 0.365452 0.0770423 0.129337
0 0.375762 0.646261 0.0757587 0.14045
0 0.785155 0.750065 0.0739544 0.14175
0 0.9578999 0.131237 0.0642366 0.103675
0 0.0590247 0.229654 0.0728246 0.128434
0 0.534805 0.798503 0.0767242 0.141069
0 0.131617 0.608527 0.072337 0.142968
0 0.190624 0.308318 0.0737035 0.1295
0 0.847909 0.300732 0.066251 0.104957
0 0.278339 0.249599 0.071114 0.120784
0 0.916193 0.39119 0.0729206 0.120691
0 0.925878 0.504492 0.0746174 0.117652
0 0.307538 0.55628 0.0721896 0.131437
0 0.559954 0.368917 0.0655794 0.126118
0 0.709738 0.503421 0.0708069 0.122025
0 0.772571 0.105729 0.0577739 0.101584
0 0.639398 0.364937 0.0700926 0.113389
0 0.415113 0.368225 0.0689775 0.130448
0 0.869446 0.866119 0.0762974 0.139629
0 0.526172 0.9431601 0.0822937 0.113679
0 0.297797 0.158703 0.0677274 0.111962
0 0.783492 0.481681 0.0704896 0.1183
0 0.581219 0.0931629 0.0558727 0.0985907
0 0.285505 0.677487 0.0730557 0.137801
0 0.854044 0.500024 0.0732601 0.122014
0 0.0339879 0.342559 0.0679758 0.116305
0 0.218823 0.582337 0.0735423 0.137433
0 0.932436 0.616027 0.0753395 0.125161
0 0.490038 0.350701 0.0690962 0.128273
0 0.477895 0.475997 0.0619995 0.119702
0 0.541246 0.667945 0.0696719 0.136533
0 0.627776 0.60824 0.0683658 0.139406
0 0.784683 0.599281 0.071254 0.13124
0 0.777866 0.208631 0.0666599 0.11788
0 0.46975 0.593704 0.0739839 0.125401
0 0.500211 0.249899 0.0649132 0.104225
0 0.0872994 0.138065 0.0684867 0.115821
0 0.32754 0.449081 0.0652497 0.12043
0 0.243087 0.103275 0.0606672 0.114969
0 0.831332 0.0595262 0.05781 0.117377
0 0.9072921 0.280577 0.0611401 0.112566
0 0.335425 0.948423 0.0835687 0.103154
0 0.645864 0.0738085 0.0600885 0.123965
0 0.438881 0.166324 0.0676077 0.11341
0 0.175083 0.0870141 0.061546 0.111274
0 0.425275 0.258798 0.0615793 0.111837
0 0.973812 0.372192 0.052376 0.12346
0 0.70755 0.622375 0.0738599 0.13043
0 0.576902 0.18323 0.0600954 0.121581
0 0.214743 0.212065 0.0657262 0.114599
0 0.966922 0.234212 0.0653316 0.119332
0 0.708326 0.400454 0.0661083 0.106592
0 0.780164 0.385019 0.0703837 0.10833
0 0.355632 0.240634 0.0643768 0.116392
0 0.848206 0.397492 0.0667763 0.105963
0 0.859559 0.61731 0.0705872 0.123185
0 0.450053 0.070019 0.060545 0.107238
0 0.241575 0.465635 0.0698999 0.134904
0 0.838694 0.189735 0.0575163 0.117715
0 0.631439 0.470622 0.0681497 0.127823
0 0.706435 0.212618 0.0580952 0.103951
0 0.340673 0.341834 0.0698199 0.125362
0 0.510358 0.162239 0.0573097 0.0948959
0 0.126097 0.266965 0.0684713 0.12246
0 0.97911 0.49533 0.0417808 0.112669
0 0.260066 0.356277 0.0663009 0.125972
0 0.706591 0.298888 0.0607115 0.110861
0 0.711482 0.048382 0.0596296 0.0967639
0 0.152252 0.172555 0.0656801 0.119221
0 0.8943 0.12103 0.0585352 0.0927404
0 0.647885 0.1807484 0.06083496 0.08520073
0 0.891311 0.045284 0.060267 0.090568
0 0.240048 0.956356 0.0806369 0.0872877
0 0.983447 0.610479 0.0331066 0.12718
0 0.317829 0.0698422 0.0614924 0.112421
0 0.708726 0.125969 0.0518823 0.0958993
0 0.51784 0.0779711 0.0626427 0.118855
0 0.11089 0.0574794 0.0659538 0.104075
0 0.643488 0.2646581 0.0649711 0.09951218
0 0.3668629 0.1513892 0.06171682 0.08565619
0 0.9020379 0.195144 0.063208 0.0890993
0 0.877049 0.964965 0.0705584 0.0700696
0 0.258948 0.033184 0.0589328 0.066368
0 0.943662 0.0338461 0.0538521 0.0676921
0 0.781858 0.969107 0.05938371 0.0617861
0 0.9523299 0.9731029 0.0665509 0.05379429
0 0.02455897 0.7789928 0.04738187 0.1609806
0 0.585618 0.0265997 0.0583599 0.0531995
0 0.3790157 0.08472253 0.0582446 0.08730228
0 0.3876962 0.02879588 0.0582446 0.05429959
