0 0.601875 0.9249279 0.0762934 0.145112
0 0.9357312 0.9274489 0.08131029 0.144468
0 0.185795 0.806149 0.0815919 0.151412
0 0.0553613 0.633782 0.0811456 0.142757
0 0.206921 0.665926 0.0768947 0.141284
0 0.688244 0.928776 0.0794298 0.142449
0 0.342922 0.904381 0.0753632 0.143681
0 0.242844 0.934006 0.0853691 0.131987
0 0.689647 0.643309 0.0742794 0.131012
0 0.926734 0.775767 0.0768364 0.137354
0 0.485343 0.321114 0.0664894 0.10168
0 0.691628 0.775262 0.075043 0.144033
0 0.272582 0.784627 0.0736284 0.136583
0 0.609179 0.7902831 0.0718008 0.138439
0 0.544421 0.507171 0.0678265 0.110391
0 0.249073 0.432669 0.0708654 0.122158
0 0.12396 0.696512 0.0762587 0.132514
0 0.694919 0.529041 0.0646287 0.115584
0 0.0874466 0.863784 0.081539 0.152002
0 0.446395 0.758257 0.0715925 0.135991
0 0.520205 0.900967 0.0701016 0.142744
0 0.62196 0.398247 0.0619572 0.118373
0 0.02612358 0.237792 0.0522471 0.116271
0 0.528545 0.745614 0.0719751 0.137896
0 0.614232 0.653728 0.0707719 0.133849
0 0.550481 0.408985 0.067955 0.108974
0 0.9633071 0.414208 0.0660138 0.109475
0 0.0563013 0.319455 0.0741827 0.12195
0 0.307633 0.530286 0.0700443 0.126805
0 0.762836 0.42045 0.0637669 0.108375
0 0.501803 0.130353 0.058501 0.10466
0 0.08224081 0.518511 0.0758497 0.131269
0 0.326753 0.419796 0.066034 0.125006
0 0.622044 0.289895 0.0628204 0.111933
0 0.630422 0.157835 0.0557446 0.111957
0 0.427037 0.23302 0.0609301 0.105152
0 0.372154 0.651434 0.0732045 0.134895
0 0.0848031 0.222806 0.0662048 0.111613
0 0.770624 0.7850041 0.0704567 0.141366
0 0.43367 0.8903759 0.0715128 0.144064
0 0.137193 0.297843 0.0657751 0.122302
0 0.772188 0.9356238 0.0728955 0.128752
0 0.453605 0.63654 0.0707576 0.12753
0 0.229762 0.542581 0.0712755 0.129155
0 0.619326 0.522774 0.069995 0.135842
0 0.756414 0.157596 0.0590789 0.0969961
0 0.629018 0.0637325 0.0551043 0.0938933
0 0.293204 0.651386 0.071674 0.139436
0 0.492226 0.226494 0.0595955 0.0981239
0 0.767403 0.6449901 0.0705319 0.127697
0 0.833142 0.484815 0.0699457 0.123831
0 0.7589689 0.327132 0.0602738 0.0979873
0 0.153919 0.9456611 0.0853473 0.108677
0 0.537094 0.619347 0.0751309 0.131173
0 0.917053 0.659935 0.0736114 0.116704
0 0.462928 0.525892 0.0661135 0.117003
0 0.385914 0.521619 0.0701416 0.130095
0 0.888602 0.312528 0.0638672 0.112914
0 0.339525 0.321985 0.0634105 0.101308
0 0.6919301 0.409596 0.0654209 0.124285
0 0.158795 0.207695 0.0668218 0.10671
0 0.8247539 0.374001 0.0611894 0.112574
0 0.474879 0.415988 0.0668972 0.113562
0 0.111757 0.409809 0.060414 0.116251
0 0.146972 0.576274 0.071254 0.129413
0 0.449057 0.0632037 0.0553412 0.109085
0 0.0716305 0.0611154 0.0561346 0.0955736
0 0.200699 0.31794 0.062966 0.121003
0 0.765631 0.52246 0.0694344 0.123008
0 0.108737 0.133652 0.0649967 0.104144
0 0.315619 0.118943 0.0554112 0.106074
0 0.953468 0.324126 0.0592358 0.0979019
0 0.694824 0.158496 0.0596278 0.09425129
0 0.401943 0.415144 0.0686712 0.112505
0 0.02112897 0.54004 0.042258 0.123526
0 0.0476034 0.143269 0.0597318 0.106859
0 0.0326279 0.76642 0.0652558 0.137636
0 0.906818 0.545131 0.0705448 0.123605
0 0.270918 0.316871 0.0665313 0.121612
0 0.555103 0.307083 0.0634114 0.110922
0 0.413525 0.324567 0.0669135 0.110484
0 0.238758 0.143686 0.0623891 0.115719
0 0.561242 0.211296 0.0608194 0.103213
0 0.809545 0.0971661 0.0554692 0.10442
0 0.287431 0.218867 0.0625948 0.112775
0 0.261444 0.0617255 0.054782 0.099093
0 0.7516499 0.0648587 0.059552 0.103076
0 0.897135 0.4286 0.066222 0.11579
0 0.757656 0.244563 0.0621803 0.0962958
0 0.9788588 0.731864 0.0422814 0.129897
0 0.355702 0.231047 0.0618403 0.104729
0 0.326009 0.0404424 0.0586413 0.0808849
0 0.879208 0.211681 0.0603611 0.110233
0 0.9275969 0.0880737 0.0583383 0.0927919
0 0.570178 0.0550822 0.05363899 0.0980694
0 0.0338141 0.429423 0.0670404 0.12229
0 0.195663 0.0535893 0.06034449 0.107179
0 0.973027 0.603848 0.0537785 0.125949
0 0.934486 0.1560786 0.05839745 0.08013827
0 0.17994 0.132893 0.0559903 0.102169
0 0.872471 0.130478 0.05819299 0.0952681
0 0.968617 0.503925 0.0615737 0.107459
0 0.9847621 0.8550369 0.0304766 0.128351
0 0.694415 0.0659286 0.0580745 0.119501
0 0.941917 0.234767 0.0614386 0.08908454
0 0.693369 0.3088139 0.06142781 0.08874919
0 0.364876 0.157846 0.0590158 0.0950628
0 0.868744 0.0517091 0.0581906 0.0955952
0 0.377783 0.0854664 0.050685 0.0899397
0 0.692683 0.2285323 0.0603342 0.07578854
0 0.512135 0.035555 0.0566389 0.0711101
0 0.0133801 0.9297838 0.0267603 0.123411
0 0.987729 0.280868 0.0245426 0.0979587
0 0.133211 0.0552567 0.0551956 0.110513
0 0.566218 0.134655 0.0577568 0.0900887
0 0.976207 0.101956 0.0455483 0.0945446
0 0.98174 0.179968 0.0365199 0.107854
0 0.0224885 0.0499209 0.044977 0.0998418
0 0.0106244 0.130842 0.0212418 0.0989279
0 0.988613 0.964402 0.0220469 0.0711964
0 0.9722081 0.0426444 0.0542915 0.0852888
0 0.993115 0.368985 0.0135257 0.0692815
0 0.388222 0.0350408 0.0608457 0.0700816
0 0.806129 0.0318689 0.0555607 0.0637379
