0 0.57873 0.806579 0.075531 0.140118
0 0.138887 0.827031 0.0834077 0.154458
0 0.223616 0.8449641 0.0851557 0.149639
0 0.672486 0.808246 0.0768937 0.144893
0 0.177646 0.619224 0.0779169 0.142329
0 0.403664 0.801323 0.0763296 0.147753
0 0.747677 0.76083 0.0760376 0.146489
0 0.666292 0.935789 0.081576 0.128422
0 0.313692 0.8451779 0.0839991 0.151681
0 0.491198 0.8814079 0.0749498 0.149825
0 0.263686 0.591677 0.0798275 0.1394
0 0.121038 0.544677 0.081962 0.134331
0 0.833039 0.753817 0.0779926 0.140605
0 0.442354 0.508969 0.0765942 0.135424
0 0.0512274 0.779738 0.0915283 0.154792
0 0.504355 0.730925 0.0744497 0.150138
0 0.0364075 0.491434 0.072815 0.135773
0 0.752663 0.901786 0.0746608 0.142867
0 0.0839738 0.650873 0.0790863 0.133767
0 0.826532 0.609623 0.0761639 0.136939
0 0.035926 0.9215869 0.071852 0.15388
0 0.9037759 0.727228 0.0753435 0.139113
0 0.336208 0.689643 0.0752309 0.137141
0 0.104196 0.44769 0.07835 0.12176
0 0.475546 0.18043 0.0662189 0.10404
0 0.9630371 0.513345 0.0739266 0.113262
0 0.681459 0.272774 0.0654896 0.101768
0 0.0712568 0.347672 0.0729099 0.125163
0 0.750325 0.62893 0.0757607 0.131281
0 0.748003 0.409392 0.063215 0.109396
0 0.82317 0.48549 0.0706794 0.125704
0 0.951028 0.395124 0.0685865 0.123491
0 0.02263922 0.09441109 0.04354234 0.1050645
0 0.900051 0.607967 0.0693771 0.122847
0 0.906985 0.867388 0.074197 0.140861
0 0.426514 0.652005 0.0725542 0.139443
0 0.511493 0.599851 0.0756146 0.130036
0 0.678446 0.478361 0.0720165 0.126855
0 0.35053 0.568534 0.0718769 0.127626
0 0.365928 0.456854 0.0695064 0.123392
0 0.679108 0.176838 0.0571991 0.104122
0 0.537188 0.253266 0.0673006 0.107756
0 0.607494 0.376792 0.0626497 0.124941
0 0.669197 0.624685 0.0715443 0.136045
0 0.751811 0.513876 0.0712145 0.122063
0 0.48934 0.0844686 0.056873 0.100785
0 0.302347 0.362632 0.0729882 0.125308
0 0.246591 0.714862 0.0709413 0.14003
0 0.819749 0.384157 0.0715452 0.111083
0 0.874207 0.297754 0.0623377 0.110359
0 0.378658 0.352235 0.0728031 0.123533
0 0.613459 0.189748 0.0632844 0.119332
0 0.14753 0.365671 0.0708828 0.133518
0 0.45487 0.375366 0.070824 0.128968
0 0.232382 0.319701 0.0702536 0.128166
0 0.466721 0.274095 0.066402 0.106939
0 0.590864 0.676549 0.0697922 0.135959
0 0.528345 0.357995 0.0671387 0.126547
0 0.678173 0.365825 0.0705743 0.115605
0 0.975896 0.8803169 0.0482082 0.136679
0 0.39427 0.246026 0.0646853 0.110342
0 0.808009 0.113957 0.06053551 0.101105
0 0.615161 0.0929295 0.0566631 0.0983198
0 0.746837 0.305697 0.063262 0.110509
0 0.81283 0.211256 0.0629873 0.111688
0 0.577725 0.947029 0.0752546 0.105942
0 0.319975 0.259737 0.0666228 0.117403
0 0.745009 0.133632 0.0567087 0.0936383
0 0.886125 0.401644 0.0679706 0.111029
0 0.391261 0.9514449 0.0789026 0.097111
0 0.256064 0.196661 0.0627856 0.11894
0 0.524022 0.481354 0.063628 0.124301
0 0.9425452 0.286403 0.0687496 0.11969
0 0.682074 0.0801329 0.0616369 0.109646
0 0.871482 0.189478 0.0602501 0.111909
0 0.105378 0.240706 0.0673265 0.126212
0 0.863873 0.070572 0.0618448 0.115792
0 0.747763 0.217451 0.0615391 0.0953514
0 0.02496338 0.607582 0.0499267 0.145792
0 0.921383 0.0490139 0.05974369 0.0949859
0 0.971351 0.744635 0.0572985 0.136745
0 0.14694 0.0649686 0.068966 0.110053
0 0.281186 0.47424 0.069382 0.131339
0 0.169168 0.263515 0.0702525 0.116439
0 0.967769 0.618635 0.0638286 0.123796
0 0.206366 0.955141 0.0785944 0.089357
0 0.891961 0.49893 0.0698086 0.115358
0 0.3359 0.159332 0.0675223 0.11531
0 0.274941 0.103426 0.0629187 0.107828
0 0.187726 0.171668 0.0687722 0.120507
0 0.549966 0.0843426 0.0625224 0.100078
0 0.976211 0.13714 0.0475779 0.10329
0 0.210301 0.0895412 0.05903791 0.105179
0 0.744483 0.0505314 0.0594748 0.101063
0 0.546031 0.171249 0.0541118 0.0958094
0 0.346954 0.0819135 0.0614697 0.104846
0 0.92626 0.130745 0.0601208 0.0951311
0 0.415159 0.0975284 0.0576858 0.096824
0 0.972216 0.0382338 0.0530323 0.0764676
0 0.295779 0.961308 0.0821132 0.077384
0 0.9887559 0.366828 0.0224876 0.0938322
0 0.01020882 0.722856 0.019752 0.0907539
0 0.296719 0.0399486 0.0560288 0.0798972
0 0.9823611 0.237667 0.0352787 0.116618
0 0.126621 0.147188 0.0630978 0.115774
0 0.00758383 0.180758 0.0151676 0.0910058
0 0.834772 0.9715018 0.0673527 0.0569966
0 0.910888 0.965694 0.0733055 0.068612
0 0.427854 0.02916316 0.0593048 0.05503413
0 0.408214 0.147494 0.0686422 0.131967
0 0.93463 0.205735 0.0654839 0.106034
0 0.982125 0.972391 0.0351338 0.0552175
0 0.0358825 0.0336201 0.0614677 0.0672402
0 0.622894 0.0284018 0.0625531 0.0568036
0 0.4951283 0.02340183 0.05843674 0.04351149
0 0.5589304 0.02587097 0.0593048 0.04844976
