0 0.240798 0.825985 0.0804814 0.15522
0 0.918928 0.740418 0.0783885 0.137169
0 0.9280608 0.879494 0.0806507 0.145839
0 0.335558 0.789176 0.0790977 0.146493
0 0.679452 0.887506 0.0764354 0.142265
0 0.412487 0.8725718 0.0835201 0.152782
0 0.111146 0.601948 0.0776292 0.142071
0 0.762665 0.595847 0.0765154 0.135805
0 0.26979 0.672892 0.0751754 0.135924
0 0.356086 0.634914 0.0743142 0.141121
0 0.682919 0.746478 0.0776711 0.14641
0 0.0871316 0.358203 0.0790223 0.133535
0 0.431154 0.719406 0.0745146 0.148189
0 0.594779 0.802361 0.0731476 0.145398
0 0.845823 0.866738 0.0778549 0.141363
0 0.173526 0.701134 0.0846793 0.140455
0 0.765373 0.748035 0.0767548 0.140964
0 0.0615957 0.819305 0.0817368 0.152912
0 0.15667 0.827233 0.0867151 0.152123
0 0.827562 0.294098 0.0668924 0.107702
0 0.375059 0.495309 0.0726557 0.139145
0 0.501155 0.939198 0.0825884 0.121605
0 0.39212 0.363776 0.0733154 0.12915
0 0.763011 0.108133 0.0609108 0.105007
0 0.510678 0.794223 0.0782349 0.139988
0 0.941117 0.129582 0.0607063 0.103546
0 0.286076 0.548808 0.0730635 0.133853
0 0.60814 0.612133 0.0745268 0.139579
0 0.304572 0.441537 0.0667095 0.119933
0 0.962766 0.371709 0.069385 0.124343
0 0.472731 0.347088 0.0660336 0.123283
0 0.202435 0.582487 0.0780585 0.138081
0 0.309854 0.9454961 0.0846657 0.109007
0 0.587462 0.9339761 0.0777686 0.132048
0 0.0439256 0.22431 0.0749761 0.130265
0 0.263438 0.245711 0.0686514 0.123324
0 0.545246 0.368855 0.0629751 0.126419
0 0.21868 0.463508 0.0751977 0.133368
0 0.444564 0.588482 0.0765331 0.122849
0 0.841303 0.738629 0.0733791 0.127663
0 0.521087 0.664974 0.0674622 0.136544
0 0.833265 0.393923 0.0683523 0.104531
0 0.764236 0.479437 0.0727432 0.114589
0 0.483519 0.244479 0.0652437 0.108737
0 0.171943 0.309402 0.0725194 0.132243
0 0.836568 0.496619 0.0713524 0.128942
0 0.952084 0.231232 0.0655003 0.11762
0 0.690535 0.503513 0.0702675 0.120644
0 0.0728522 0.133942 0.0681933 0.11616
0 0.0487924 0.532535 0.0839544 0.136222
0 0.560477 0.181864 0.0619608 0.119466
0 0.8982108 0.387547 0.0711101 0.121844
0 0.285681 0.155573 0.067272 0.115432
0 0.840715 0.620006 0.0719887 0.123396
0 0.569399 0.0848691 0.0569506 0.0952969
0 0.972309 0.615933 0.0553821 0.136752
0 0.9690301 0.488816 0.0617302 0.121868
0 0.633467 0.0709133 0.0576038 0.114147
0 0.461271 0.478018 0.0645849 0.116509
0 0.686298 0.620111 0.0770784 0.130658
0 0.614405 0.470651 0.0655348 0.129931
0 0.820291 0.0599044 0.0585678 0.116492
0 0.62639 0.180565 0.0608448 0.0966506
0 0.690844 0.400048 0.0682938 0.108491
0 0.125862 0.944872 0.0785065 0.110256
0 0.225565 0.0896469 0.0635403 0.113454
0 0.905214 0.502613 0.0701527 0.123796
0 0.91006 0.618784 0.0749224 0.123579
0 0.244104 0.358228 0.0686206 0.125129
0 0.825911 0.188995 0.0636333 0.114266
0 0.159516 0.0870754 0.061204 0.108654
0 0.618357 0.366154 0.0706258 0.105841
0 0.435581 0.0705378 0.06059499 0.110177
0 0.759844 0.213527 0.0634716 0.115789
0 0.692536 0.295686 0.0608446 0.111782
0 0.41097 0.260473 0.0638703 0.114456
0 0.418907 0.167603 0.0632895 0.113927
0 0.0371126 0.430768 0.0742252 0.128239
0 0.19447 0.210122 0.0689857 0.111784
0 0.877319 0.0442092 0.0573211 0.0884185
0 0.321325 0.334743 0.0700061 0.121638
0 0.339035 0.237098 0.0661426 0.115416
0 0.114115 0.262994 0.0658412 0.120318
0 0.8930352 0.282098 0.0667015 0.111104
0 0.759944 0.381197 0.0665207 0.103983
0 0.220066 0.950987 0.0845929 0.0964678
0 0.696947 0.0498758 0.059155 0.0997516
0 0.02568298 0.33275 0.0513661 0.113571
0 0.0292648 0.645148 0.0574861 0.137733
0 0.296822 0.0657478 0.0647502 0.103245
0 0.494158 0.160946 0.0598176 0.105134
0 0.135441 0.168758 0.0658995 0.115449
0 0.977968 0.751486 0.0440645 0.139714
0 0.624396 0.2659 0.0663469 0.116518
0 0.874799 0.123049 0.0530243 0.0897653
0 0.888294 0.196879 0.0612476 0.0905165
0 0.9834411 0.900688 0.033119 0.130601
0 0.694513 0.209115 0.0590522 0.0979719
0 0.0976473 0.0539608 0.0659949 0.105329
0 0.9814479 0.0771245 0.0354214 0.0844977
0 0.930814 0.0370178 0.0572275 0.0740356
0 0.6962 0.130154 0.0565994 0.0997081
0 0.01377365 0.7635376 0.02581115 0.1226061
0 0.502551 0.0684625 0.0657585 0.119698
0 0.3652321 0.08238731 0.05691032 0.0942231
0 0.9848359 0.148545 0.0300533 0.0877561
0 0.851631 0.965947 0.0747599 0.0681069
0 0.3504428 0.152873 0.06322923 0.09677509
0 0.9914668 0.232145 0.0170072 0.0916446
0 0.760337 0.967416 0.0635998 0.065168
0 0.581466 0.0239493 0.043054 0.0478985
0 0.934241 0.9738979 0.061211 0.0522045
