0 0.9587672 0.8835971 0.079623 0.144223
0 0.0806305 0.508112 0.0811614 0.133725
0 0.0562822 0.6338 0.0890567 0.148434
0 0.540191 0.899876 0.0827051 0.153049
0 0.104071 0.801712 0.0855422 0.152384
0 0.185241 0.8684381 0.0808223 0.154247
0 0.363924 0.8577588 0.0823433 0.152706
0 0.799021 0.925809 0.0762029 0.140631
0 0.290264 0.736881 0.0808741 0.143702
0 0.463349 0.824251 0.0792732 0.147972
0 0.708893 0.826113 0.077175 0.149411
0 0.798876 0.786154 0.0806574 0.147938
0 0.636718 0.828774 0.0771914 0.142115
0 0.465734 0.681243 0.0746995 0.141817
0 0.547833 0.751267 0.0790365 0.148375
0 0.947459 0.74581 0.0811344 0.13509
0 0.63731 0.685606 0.0677007 0.138539
0 0.241896 0.634026 0.0734911 0.144807
0 0.867517 0.624723 0.0742428 0.136118
0 0.131023 0.673458 0.077952 0.135168
0 0.794772 0.653986 0.0752925 0.130429
0 0.923897 0.419368 0.0685238 0.11033
0 0.558388 0.620594 0.0729718 0.128536
0 0.938127 0.625068 0.0716252 0.123941
0 0.496489 0.421205 0.073568 0.116856
0 0.719998 0.635453 0.0719897 0.134606
0 0.706948 0.945958 0.0806154 0.108085
0 0.359616 0.272633 0.0678907 0.122085
0 0.274837 0.868039 0.0830698 0.149553
0 0.863069 0.506027 0.0725395 0.116375
0 0.718121 0.196035 0.0604345 0.104745
0 0.582504 0.186077 0.0561451 0.0966919
0 0.21183 0.277606 0.0669141 0.119073
0 0.328395 0.490481 0.0734362 0.130467
0 0.140831 0.254489 0.0734488 0.125672
0 0.714974 0.386387 0.0702928 0.114566
0 0.656381 0.107503 0.0565424 0.0961782
0 0.874212 0.76866 0.0750527 0.137672
0 0.791247 0.433152 0.0672256 0.110116
0 0.711526 0.496953 0.0672051 0.125342
0 0.166149 0.153269 0.0655599 0.116749
0 0.0748875 0.933939 0.0889986 0.132121
0 0.278316 0.334931 0.0691865 0.13082
0 0.565486 0.497827 0.0601507 0.125143
0 0.116858 0.379822 0.0710155 0.128906
0 0.170041 0.482819 0.0811896 0.128951
0 0.315654 0.115664 0.0619794 0.105478
0 0.793845 0.540641 0.0717585 0.12338
0 0.190012 0.377225 0.0745887 0.124744
0 0.782472 0.237514 0.0585373 0.0973497
0 0.842018 0.130227 0.0587177 0.111631
0 0.398001 0.583584 0.0730036 0.129059
0 0.177192 0.574988 0.0797853 0.134189
0 0.650663 0.20487 0.060927 0.120037
0 0.411438 0.470429 0.0651184 0.118712
0 0.645739 0.390242 0.0654126 0.123937
0 0.857556 0.402956 0.065295 0.115102
0 0.906824 0.210661 0.0612698 0.111019
0 0.38426 0.705723 0.0707972 0.135126
0 0.957478 0.145989 0.0593399 0.0922716
0 0.422961 0.361369 0.0706241 0.120897
0 0.502629 0.309303 0.05972059 0.11847
0 0.0433085 0.104515 0.0719097 0.117395
0 0.846325 0.259803 0.0648407 0.117485
0 0.786809 0.325238 0.0623105 0.113244
0 0.580937 0.271703 0.0641542 0.105678
0 0.309662 0.607858 0.068504 0.137184
0 0.303958 0.213509 0.0637766 0.118346
0 0.574903 0.377401 0.0672708 0.1221
0 0.894163 0.0854592 0.0578243 0.118514
0 0.915052 0.312499 0.0678077 0.112519
0 0.0321486 0.766211 0.0642972 0.141486
0 0.233444 0.182397 0.067345 0.111514
0 0.715606 0.291797 0.0629667 0.105168
0 0.931065 0.514333 0.0717365 0.116106
0 0.342535 0.378665 0.0664113 0.120448
0 0.513813 0.195026 0.0654214 0.120199
0 0.981769 0.533075 0.0364617 0.112984
0 0.626569 0.953719 0.0819606 0.0925624
0 0.483169 0.526418 0.0712818 0.13669
0 0.716735 0.0977534 0.059498 0.106401
0 0.4363 0.261415 0.063349 0.108766
0 0.374046 0.175509 0.0693587 0.114585
0 0.188954 0.0701794 0.0654017 0.113425
0 0.976238 0.412226 0.0461841 0.115632
0 0.589158 0.102429 0.0616951 0.0979326
0 0.950744 0.0689544 0.0596622 0.0875967
0 0.779971 0.154541 0.0520241 0.0899779
0 0.779208 0.0662244 0.0605815 0.11102
0 0.445435 0.961114 0.0797699 0.0777713
0 0.972553 0.302765 0.0539559 0.110599
0 0.0176273 0.915021 0.0352547 0.14442
0 0.384907 0.090197 0.0621935 0.10113
0 0.463373 0.0368967 0.0562921 0.0737934
0 0.247769 0.0979964 0.0614678 0.099106
0 0.0265203 0.185999 0.0530407 0.129694
0 0.4545791 0.1011129 0.05935226 0.07396083
0 0.253589 0.965067 0.0719634 0.0698663
0 0.330611 0.0426229 0.0579774 0.0852458
0 0.01366748 0.28321 0.0273349 0.112959
0 0.0663908 0.0372701 0.065978 0.0745403
0 0.59169 0.0342625 0.05869601 0.0685251
0 0.9873769 0.641538 0.0252468 0.10631
0 0.9871762 0.0418715 0.025305 0.0837429
0 0.522106 0.095636 0.0623744 0.115186
0 0.01190042 0.04501742 0.0236349 0.0900348
0 0.267834 0.0387616 0.0623529 0.0775232
0 0.96858 0.219271 0.0618736 0.0910445
0 0.657053 0.0331336 0.0583262 0.0662673
0 0.99313 0.144921 0.0135761 0.0692495
0 0.01790052 0.892374 0.0358009 0.103815
0 0.99174 0.735348 0.0158501 0.0766776
0 0.343364 0.968433 0.0624152 0.0631342
0 0.717541 0.0326793 0.0570444 0.0653587
0 0.4463326 0.175187 0.06369254 0.09042174
