0 0.373373 0.926409 0.0844177 0.147182
0 0.129583 0.802152 0.085241 0.152516
0 0.293062 0.8473091 0.0788114 0.14864
0 0.568111 0.734635 0.0766363 0.149931
0 0.21648 0.76355 0.0789758 0.144635
0 0.0916056 0.56843 0.0799427 0.136362
0 0.815115 0.730781 0.0786137 0.137826
0 0.0942399 0.9370359 0.0911736 0.125928
0 0.659133 0.740766 0.0766239 0.140833
0 0.472627 0.925977 0.0750902 0.148045
0 0.115469 0.450538 0.0768755 0.134952
0 0.727224 0.853685 0.0744983 0.141046
0 0.816942 0.865754 0.0777285 0.141943
0 0.17741 0.551007 0.0771015 0.127414
0 0.898379 0.893567 0.0780516 0.142815
0 0.955913 0.603269 0.0753341 0.125434
0 0.563902 0.8786249 0.0730446 0.145152
0 0.2505 0.620436 0.0761592 0.137305
0 0.894424 0.761831 0.0763052 0.138176
0 0.660242 0.592716 0.0731454 0.13855
0 0.188351 0.931278 0.0874243 0.137445
0 0.739076 0.609822 0.0709845 0.120833
0 0.49576 0.594822 0.0737709 0.13844
0 0.0616034 0.687228 0.0857021 0.140677
0 0.392623 0.773371 0.0754762 0.141081
0 0.318912 0.700881 0.0746433 0.14656
0 0.154936 0.667778 0.0753572 0.134161
0 0.738049 0.38595 0.0675488 0.110869
0 0.668634 0.366079 0.070689 0.109076
0 0.201599 0.443115 0.0717237 0.123858
0 0.58018 0.603401 0.0748409 0.129138
0 0.883296 0.607359 0.0758221 0.140748
0 0.735935 0.725315 0.0713875 0.135143
0 0.737642 0.176963 0.0620914 0.106509
0 0.587085 0.48172 0.0697733 0.128181
0 0.484422 0.787196 0.0707255 0.141008
0 0.146007 0.347468 0.0730878 0.1216
0 0.861167 0.125662 0.0588081 0.101574
0 0.297087 0.346554 0.0714048 0.12683
0 0.415145 0.640367 0.0683651 0.13958
0 0.333101 0.157318 0.0640024 0.102215
0 0.737761 0.487651 0.0705785 0.122688
0 0.666124 0.468471 0.0707377 0.123713
0 0.811125 0.608958 0.0679466 0.123271
0 0.0797162 0.291217 0.0726852 0.128111
0 0.275436 0.479856 0.0730213 0.139508
0 0.953166 0.4916 0.0718996 0.118878
0 0.548538 0.0588967 0.0591906 0.101711
0 0.9675891 0.871601 0.0648226 0.149734
0 0.672628 0.266594 0.0626322 0.108327
0 0.480879 0.0724819 0.0559094 0.105442
0 0.964823 0.73009 0.070354 0.135922
0 0.864473 0.227745 0.06245 0.11603
0 0.540722 0.156862 0.05846409 0.111807
0 0.335975 0.575233 0.0734175 0.131965
0 0.247034 0.228125 0.0648356 0.109443
0 0.226496 0.331401 0.0737533 0.131131
0 0.0448002 0.179669 0.0684826 0.118292
0 0.0479568 0.820865 0.0876106 0.155391
0 0.51514 0.462608 0.0624127 0.129712
0 0.453352 0.352663 0.0631756 0.126825
0 0.139852 0.0878048 0.0623416 0.109938
0 0.387808 0.233575 0.0653388 0.112497
0 0.871807 0.362973 0.0678509 0.119923
0 0.80541 0.270643 0.0651537 0.107127
0 0.470032 0.171375 0.0631194 0.119268
0 0.074026 0.10396 0.0617594 0.101392
0 0.67695 0.0979397 0.0602163 0.113455
0 0.87819 0.480302 0.0697586 0.121808
0 0.9421031 0.386205 0.0687365 0.111021
0 0.350725 0.0699898 0.0605139 0.107621
0 0.371347 0.333735 0.0655052 0.127187
0 0.806052 0.379907 0.0687786 0.124748
0 0.735482 0.27886 0.0625641 0.109697
0 0.191224 0.140954 0.0691979 0.116295
0 0.799537 0.110938 0.056046 0.0925813
0 0.321504 0.255326 0.0672447 0.110122
0 0.741481 0.0580409 0.058773 0.116082
0 0.0254228 0.268264 0.0508456 0.120879
0 0.167815 0.240025 0.0693597 0.122036
0 0.108862 0.190225 0.0653556 0.116594
0 0.812396 0.500809 0.0655428 0.115847
0 0.357172 0.455625 0.0647586 0.123016
0 0.936832 0.30233 0.0673441 0.0965296
0 0.0206371 0.595347 0.0412741 0.124534
0 0.610518 0.115721 0.0565439 0.091304
0 0.614935 0.0425541 0.0593784 0.0851081
0 0.590394 0.370097 0.0672295 0.116607
0 0.52305 0.353604 0.0665155 0.116629
0 0.533041 0.265301 0.0646917 0.108404
0 0.416268 0.0664736 0.0614775 0.108626
0 0.606208 0.202144 0.0583294 0.0999024
0 0.9696109 0.0477966 0.0552341 0.0955931
0 0.800494 0.0392614 0.0555322 0.0785227
0 0.9166791 0.0731096 0.0592724 0.0902401
0 0.02226692 0.932146 0.0445339 0.131685
0 0.9832299 0.310826 0.0335398 0.0969813
0 0.726369 0.9579511 0.0750068 0.084097
0 0.01412588 0.371981 0.0282518 0.113592
0 0.803676 0.188441 0.06142901 0.0861029
0 0.980153 0.222746 0.0381477 0.0968657
0 0.264742 0.145266 0.0621632 0.103548
0 0.599917 0.280781 0.064613 0.103096
0 0.02774843 0.0608509 0.0546916 0.111859
0 0.9741881 0.129867 0.0499641 0.103966
0 0.216282 0.0631433 0.0632602 0.114949
0 0.642967 0.965265 0.0686992 0.0694704
0 0.277818 0.0798483 0.0531471 0.0916398
0 0.262922 0.9679289 0.06212761 0.0641419
0 0.923067 0.148545 0.0619905 0.0986053
0 0.93203 0.219637 0.067495 0.101895
0 0.854629 0.0337258 0.0556607 0.0674516
0 0.405715 0.149326 0.0538 0.0977172
0 0.819835 0.965076 0.0701542 0.0698482
0 0.991298 0.479341 0.0171173 0.0685267
0 0.988268 0.399645 0.0233647 0.0889355
0 0.0108782 0.148587 0.0213547 0.0845752
0 0.163283 0.0320375 0.06225239 0.064075
0 0.0991644 0.0333956 0.0667535 0.0667912
