0 0.591527 0.9210529 0.0788623 0.15166
0 0.230904 0.891465 0.0781773 0.153546
0 0.0924162 0.653571 0.0846796 0.144178
0 0.422777 0.726401 0.076456 0.140129
0 0.675719 0.8491759 0.0762306 0.143918
0 0.763431 0.8532451 0.0819567 0.1468
0 0.9063609 0.643497 0.075177 0.136138
0 0.597575 0.773816 0.0759344 0.147374
0 0.413898 0.87655 0.0837086 0.160145
0 0.833809 0.679776 0.0763582 0.14121
0 0.0639715 0.788739 0.0862501 0.145645
0 0.316239 0.89155 0.0829489 0.146962
0 0.9147918 0.796614 0.0818861 0.141285
0 0.518058 0.702728 0.0754896 0.143499
0 0.116706 0.525337 0.0760282 0.131466
0 0.450606 0.488744 0.0677904 0.116751
0 0.142371 0.830258 0.0908105 0.156355
0 0.502552 0.846141 0.0743256 0.147124
0 0.838377 0.832427 0.0778961 0.149798
0 0.9620841 0.439256 0.073526 0.107954
0 0.221455 0.615599 0.0744827 0.141551
0 0.33906 0.757037 0.0755203 0.146769
0 0.601401 0.64534 0.0724899 0.131634
0 0.525364 0.557952 0.0788127 0.140631
0 0.281244 0.68032 0.0778306 0.140315
0 0.168674 0.700795 0.0760745 0.13728
0 0.75595 0.662138 0.0724063 0.135716
0 0.550899 0.222067 0.0654329 0.115371
0 0.827138 0.55755 0.0701792 0.12112
0 0.682206 0.720932 0.0711485 0.133487
0 0.147686 0.405699 0.0726958 0.135177
0 0.177372 0.275117 0.0744976 0.129038
0 0.209786 0.501456 0.0729138 0.131171
0 0.612375 0.396049 0.0662186 0.122849
0 0.758138 0.411016 0.0690491 0.111759
0 0.386811 0.396329 0.0670329 0.124615
0 0.532126 0.446692 0.0726705 0.117056
0 0.868447 0.150273 0.0611816 0.110273
0 0.228611 0.394565 0.0741004 0.12415
0 0.892119 0.41769 0.0716106 0.104221
0 0.0382203 0.935007 0.0764405 0.129986
0 0.309103 0.353291 0.0689128 0.133388
0 0.352178 0.627288 0.0783578 0.137624
0 0.351944 0.128113 0.062099 0.113511
0 0.757581 0.520591 0.0727762 0.124938
0 0.685039 0.412436 0.0646467 0.125659
0 0.37067 0.508484 0.0707814 0.132043
0 0.243781 0.295 0.0675766 0.116875
0 0.395386 0.289944 0.0617672 0.118679
0 0.883563 0.277584 0.062368 0.11857
0 0.686498 0.224531 0.0630636 0.119981
0 0.938747 0.231867 0.0648904 0.11278
0 0.335093 0.23489 0.0632779 0.117498
0 0.8957112 0.519493 0.0719528 0.11746
0 0.215878 0.0884666 0.0629331 0.106935
0 0.46306 0.380888 0.0695664 0.129618
0 0.928772 0.106377 0.0613398 0.112424
0 0.0722454 0.113095 0.0708512 0.11488
0 0.364239 0.0437793 0.0578718 0.0875586
0 0.616145 0.292566 0.066202 0.108881
0 0.756115 0.313048 0.0688076 0.112617
0 0.439432 0.602561 0.0660596 0.136567
0 0.966063 0.534877 0.067875 0.121619
0 0.821231 0.346868 0.0626816 0.109581
0 0.9515178 0.33489 0.0594646 0.118979
0 0.605406 0.522595 0.0636578 0.12209
0 0.687903 0.124744 0.0575377 0.101427
0 0.825271 0.454103 0.0616317 0.109834
0 0.202224 0.180568 0.0657634 0.116348
0 0.119096 0.9486821 0.0847124 0.102636
0 0.84237 0.951216 0.0760491 0.0975676
0 0.748407 0.21096 0.0565371 0.106386
0 0.750133 0.115099 0.0626966 0.104579
0 0.818625 0.256577 0.0639561 0.0947702
0 0.971346 0.648712 0.0556305 0.125341
0 0.0292317 0.28595 0.0584633 0.129432
0 0.9756448 0.773144 0.0487099 0.130611
0 0.26708 0.198292 0.0685233 0.127078
0 0.497207 0.0440174 0.0579886 0.0880348
0 0.0446123 0.193178 0.0766649 0.121417
0 0.814374 0.173932 0.0562735 0.0970976
0 0.53857 0.332029 0.0663162 0.118605
0 0.810254 0.0834805 0.0606663 0.107592
0 0.424216 0.111765 0.0645024 0.103726
0 0.98157 0.9050819 0.0368599 0.134475
0 0.68782 0.0416149 0.0623589 0.0832297
0 0.282621 0.115131 0.060956 0.105444
0 0.623756 0.119268 0.0620769 0.105466
0 0.75055 0.0408633 0.0550687 0.0817265
0 0.407337 0.193945 0.0656694 0.110781
0 0.0263373 0.0543338 0.0526746 0.108668
0 0.766217 0.9601551 0.0772815 0.0796898
0 0.472482 0.281577 0.067552 0.110625
0 0.618118 0.203483 0.059294 0.0947311
0 0.0950694 0.0422432 0.0669594 0.0844865
0 0.977414 0.0811321 0.0442508 0.0987423
0 0.01556052 0.394594 0.0311209 0.112272
0 0.984183 0.238857 0.0316337 0.0930481
0 0.432646 0.0400065 0.056245 0.0800129
0 0.489041 0.124733 0.0583791 0.0960367
0 0.5522468 0.1222894 0.05421777 0.1116487
0 0.9878781 0.318992 0.0239167 0.0889561
0 0.564605 0.05280812 0.0619698 0.1023241
0 0.669223 0.9658681 0.0684934 0.068263
0 0.98002 0.16305 0.0373967 0.0887579
0 0.298586 0.0432522 0.0651832 0.0865044
0 0.918731 0.0337996 0.0591581 0.0675993
0 0.480605 0.192862 0.06391273 0.09504828
0 0.627619 0.0421914 0.0585954 0.0843827
0 0.01316092 0.141407 0.025819 0.0856963
