0 0.644271 0.803189 0.0782328 0.146932
0 0.474163 0.8704759 0.0838291 0.15023
0 0.111974 0.82752 0.0826627 0.154378
0 0.151409 0.617008 0.0754729 0.14299
0 0.0370389 0.773745 0.0740779 0.15405
0 0.0630455 0.64614 0.0816204 0.136181
0 0.89066 0.8601121 0.080864 0.141243
0 0.804944 0.746538 0.0781745 0.139067
0 0.200846 0.83575 0.08644 0.147601
0 0.416753 0.505675 0.0767815 0.133646
0 0.285711 0.842739 0.0853111 0.15545
0 0.234988 0.582755 0.079545 0.137943
0 0.47933 0.726903 0.0762255 0.147335
0 0.960575 0.743024 0.078849 0.137392
0 0.222996 0.707194 0.0785914 0.139781
0 0.126531 0.365473 0.0765152 0.129138
0 0.48959 0.596447 0.0724552 0.135644
0 0.560759 0.800765 0.0707354 0.14105
0 0.638839 0.934093 0.0833229 0.131814
0 0.953573 0.620148 0.0764278 0.124528
0 0.388466 0.794487 0.0706532 0.144274
0 0.0976914 0.53669 0.0826166 0.136192
0 0.402085 0.653975 0.0766565 0.140204
0 0.651345 0.607445 0.0737463 0.138639
0 0.722046 0.891251 0.074645 0.142533
0 0.934742 0.390798 0.0726488 0.125005
0 0.859433 0.293886 0.0616745 0.108603
0 0.657328 0.270608 0.0684078 0.107202
0 0.454816 0.176473 0.0681887 0.111082
0 0.657563 0.364574 0.0686102 0.109423
0 0.30842 0.678753 0.0746629 0.138551
0 0.467205 0.082707 0.06174169 0.104362
0 0.58383 0.373816 0.0629272 0.126037
0 0.726446 0.503742 0.0699668 0.1177
0 0.943566 0.510285 0.0733715 0.115045
0 0.496362 0.470604 0.0645466 0.121311
0 0.660699 0.175239 0.0575794 0.101321
0 0.965415 0.876321 0.0691705 0.140995
0 0.72866 0.75035 0.0734911 0.143261
0 0.883375 0.724078 0.0769514 0.138377
0 0.805722 0.598474 0.0728108 0.130572
0 0.968619 0.131339 0.0586941 0.0998508
0 0.876397 0.601505 0.0712433 0.12564
0 0.727146 0.621172 0.0740154 0.130601
0 0.0535008 0.343603 0.0707461 0.11598
0 0.599416 0.0869327 0.0525589 0.0956993
0 0.328076 0.55859 0.0694097 0.131019
0 0.789522 0.107862 0.0572059 0.101851
0 0.216835 0.312364 0.0704177 0.129201
0 0.440294 0.268525 0.0665495 0.107993
0 0.432652 0.374963 0.0694593 0.126358
0 0.355558 0.345815 0.0734878 0.127255
0 0.569573 0.671213 0.071897 0.134494
0 0.341578 0.448776 0.0672928 0.117699
0 0.650865 0.472206 0.0722066 0.128227
0 0.513095 0.350583 0.063886 0.12417
0 0.794983 0.208477 0.0641098 0.114642
0 0.844732 0.06077459 0.0596588 0.116956
0 0.0808451 0.229556 0.0714689 0.128445
0 0.301947 0.254756 0.0685683 0.120777
0 0.723812 0.130866 0.055988 0.0927531
0 0.727764 0.400682 0.0657096 0.110484
0 0.074231 0.436656 0.0814145 0.130599
0 0.592093 0.185681 0.0600753 0.120388
0 0.521266 0.249653 0.066275 0.102434
0 0.265065 0.468566 0.0691473 0.13659
0 0.853053 0.186981 0.05803891 0.115296
0 0.280259 0.35758 0.0712221 0.124283
0 0.9222882 0.283259 0.0628511 0.111869
0 0.9732072 0.229801 0.0532994 0.118158
0 0.241343 0.196164 0.0664529 0.125233
0 0.525086 0.161884 0.0575926 0.0947831
0 0.802717 0.381724 0.0690332 0.109867
0 0.801473 0.480145 0.0717202 0.120629
0 0.175783 0.947773 0.082484 0.104453
0 0.870538 0.493903 0.0714535 0.111958
0 0.256446 0.0995959 0.0598557 0.114529
0 0.127912 0.0613779 0.0655591 0.106207
0 0.868092 0.396086 0.0673347 0.105385
0 0.315679 0.15708 0.0665411 0.115317
0 0.373976 0.24371 0.0619772 0.112714
0 0.72775 0.295041 0.0612351 0.117058
0 0.368452 0.952825 0.0831139 0.0943495
0 0.726019 0.211066 0.0606949 0.0922596
0 0.0245401 0.481253 0.0490801 0.130973
0 0.665206 0.0675203 0.060854 0.123272
0 0.546667 0.949897 0.0733612 0.100206
0 0.145556 0.264374 0.0691411 0.118918
0 0.173663 0.173692 0.0694678 0.126327
0 0.266115 0.956951 0.0842218 0.0860977
0 0.332622 0.073234 0.0631686 0.102845
0 0.904803 0.0477764 0.0570053 0.0955528
0 0.981515 0.371748 0.0369707 0.117304
0 0.725744 0.0494938 0.0608136 0.0989877
0 0.900083 0.960892 0.0770507 0.0770802
0 0.01309808 0.09231278 0.0261963 0.108014
0 0.91166 0.12925 0.0592794 0.0929389
0 0.534005 0.0761249 0.0608931 0.109882
0 0.19245 0.0922197 0.0596198 0.106497
0 0.3985561 0.08322593 0.05507255 0.08635446
0 0.986226 0.481653 0.0275488 0.10864
0 0.10563 0.139611 0.0684539 0.115281
0 0.954546 0.035729 0.0553608 0.0714581
0 0.01353682 0.588923 0.0267933 0.103359
0 0.9914601 0.583216 0.0162594 0.0782448
0 0.9161622 0.1958932 0.06090023 0.07911038
0 0.271736 0.0369704 0.060279 0.0739409
0 0.969317 0.969562 0.0601841 0.0608765
0 0.809293 0.968133 0.0643104 0.0637334
0 0.0121381 0.609658 0.0242762 0.115249
0 0.408709 0.0327462 0.0587591 0.0654924
0 0.02291965 0.9199802 0.04410321 0.150087
0 0.0250446 0.030505 0.0498124 0.0610099
0 0.604558 0.02571198 0.05903791 0.051424
0 0.3868374 0.1573 0.06462116 0.09293883
