0 0.0943196 0.783365 0.0857061 0.1481
0 0.517992 0.9202799 0.0778118 0.149055
0 0.12152 0.645618 0.0813921 0.145318
0 0.167521 0.867673 0.0819977 0.153536
0 0.269473 0.7126179 0.0771702 0.143317
0 0.85313 0.788067 0.078764 0.144799
0 0.42257 0.924642 0.0783466 0.14639
0 0.771101 0.935153 0.080632 0.129694
0 0.522696 0.781328 0.0736746 0.141105
0 0.347141 0.802428 0.0744339 0.137909
0 0.038374 0.681709 0.076748 0.1378
0 0.250026 0.846834 0.0829679 0.146907
0 0.214161 0.205371 0.0663536 0.107708
0 0.368035 0.66544 0.0734738 0.146813
0 0.689411 0.9331651 0.078406 0.13367
0 0.768174 0.79895 0.0743702 0.144242
0 0.689653 0.80965 0.0764169 0.139725
0 0.221838 0.569428 0.0667274 0.134483
0 0.527322 0.652502 0.0729553 0.132693
0 0.445844 0.667391 0.0732347 0.140979
0 0.603354 0.911882 0.0727661 0.144754
0 0.198093 0.705675 0.074775 0.137316
0 0.692902 0.0629684 0.0563687 0.0985627
0 0.146024 0.526278 0.0742956 0.127158
0 0.766811 0.670431 0.0745041 0.128965
0 0.331313 0.943465 0.081575 0.113071
0 0.620054 0.410807 0.0694226 0.106897
0 0.566317 0.123671 0.0554619 0.109235
0 0.119686 0.318904 0.0719245 0.126053
0 0.693165 0.53831 0.0722525 0.138123
0 0.608146 0.757095 0.0704931 0.140099
0 0.538017 0.53329 0.0664163 0.125075
0 0.761541 0.314925 0.0631521 0.106148
0 0.0871486 0.437951 0.080563 0.134031
0 0.9573848 0.314676 0.066767 0.111658
0 0.303408 0.537354 0.0710048 0.135147
0 0.459109 0.520095 0.0732761 0.134311
0 0.856448 0.945866 0.0778313 0.108267
0 0.319302 0.410988 0.0700006 0.125718
0 0.0600028 0.55953 0.0790108 0.134626
0 0.689363 0.672042 0.0732283 0.135428
0 0.611032 0.625491 0.0749408 0.132103
0 0.162617 0.138289 0.0697841 0.107654
0 0.84487 0.648814 0.0699642 0.130254
0 0.816099 0.15315 0.0593421 0.0972906
0 0.69439 0.163308 0.0591034 0.112054
0 0.470791 0.407741 0.0674541 0.113501
0 0.0625839 0.935811 0.0884466 0.128379
0 0.810252 0.0627109 0.05695 0.0954489
0 0.197486 0.301104 0.0656666 0.11679
0 0.618536 0.512278 0.0697126 0.116881
0 0.300351 0.135883 0.0596295 0.114882
0 0.509703 0.0538991 0.0556532 0.107798
0 0.264408 0.315921 0.0655511 0.121029
0 0.692207 0.290108 0.0607281 0.120152
0 0.0410411 0.121533 0.0627068 0.114102
0 0.380132 0.543554 0.0718195 0.121691
0 0.490362 0.222016 0.0619921 0.10509
0 0.76313 0.422328 0.0632648 0.126972
0 0.971668 0.558956 0.056664 0.124867
0 0.365279 0.130357 0.0592214 0.100383
0 0.9048831 0.482043 0.0678822 0.126749
0 0.692578 0.408271 0.0668634 0.118644
0 0.896334 0.371033 0.0628955 0.110867
0 0.76709 0.549001 0.0707442 0.121549
0 0.0745706 0.222734 0.0656031 0.118346
0 0.0316982 0.389652 0.0633963 0.113523
0 0.396148 0.425649 0.0691348 0.123371
0 0.821492 0.239515 0.0614254 0.098393
0 0.318151 0.0499516 0.0559036 0.0999032
0 0.550719 0.326571 0.0654347 0.104937
0 0.558437 0.225186 0.0612381 0.108287
0 0.353974 0.213657 0.0653509 0.112989
0 0.338899 0.310054 0.0632316 0.118429
0 0.177275 0.406639 0.065689 0.115401
0 0.9639108 0.428271 0.0651199 0.117449
0 0.631734 0.0478381 0.0529968 0.0956761
0 0.41181 0.31964 0.064394 0.108283
0 0.144152 0.220018 0.0645557 0.123343
0 0.624194 0.309869 0.0668269 0.112291
0 0.833906 0.424517 0.0642475 0.106836
0 0.477527 0.310035 0.0672659 0.109248
0 0.946655 0.211804 0.0634041 0.106681
0 0.873424 0.08792 0.059615 0.107426
0 0.23298 0.9549291 0.0814682 0.0901412
0 0.629885 0.208853 0.0588627 0.109156
0 0.248384 0.0451373 0.0647177 0.0902745
0 0.826834 0.32944 0.0663441 0.110695
0 0.38224 0.0431102 0.0577928 0.0862203
0 0.100094 0.137756 0.063875 0.107846
0 0.838111 0.52724 0.0626066 0.123167
0 0.0195178 0.49924 0.0390356 0.11687
0 0.188368 0.0527862 0.05962609 0.105572
0 0.444675 0.0840695 0.0536577 0.0956344
0 0.546515 0.416274 0.0694919 0.124038
0 0.937313 0.128297 0.0619881 0.0947767
0 0.237759 0.125754 0.0567047 0.0974991
0 0.119381 0.0646021 0.0580559 0.0976482
0 0.420844 0.232799 0.0606521 0.100911
0 0.757416 0.152687 0.0583258 0.0937594
0 0.978209 0.67293 0.0435827 0.119639
0 0.759953 0.22774 0.0619901 0.0955362
0 0.983656 0.789836 0.0326872 0.126836
0 0.429717 0.159443 0.0565898 0.0991242
0 0.01643642 0.863885 0.0328728 0.138601
0 0.571646 0.0339439 0.0554243 0.0678877
0 0.753738 0.0588328 0.0574735 0.117666
0 0.0646335 0.0451016 0.059829 0.0902031
0 0.9300082 0.0505917 0.05804219 0.0937892
0 0.0308488 0.282061 0.06169759 0.11917
0 0.630732 0.127296 0.0572548 0.0908149
0 0.987427 0.229314 0.0248524 0.0901348
0 0.009429561 0.078762 0.0184323 0.073058
0 0.97835 0.078005 0.0432991 0.0964358
0 0.984501 0.152983 0.0308094 0.0846483
0 0.991237 0.900132 0.01652 0.0796692
0 0.0219999 0.211738 0.0430994 0.0873887
0 0.9941638 0.317416 0.0116728 0.0652638
0 0.0203752 0.0327235 0.0394525 0.065447
