0 0.0471214 0.803518 0.0857565 0.153466
0 0.311069 0.78006 0.0797056 0.149358
0 0.222778 0.79701 0.0839774 0.15485
0 0.905651 0.8701909 0.0798035 0.146226
0 0.392201 0.8638579 0.0768783 0.149928
0 0.900383 0.737142 0.080604 0.136517
0 0.0887285 0.597197 0.0811094 0.143381
0 0.242951 0.662618 0.0755292 0.132552
0 0.410273 0.711214 0.074402 0.147124
0 0.574169 0.801753 0.0754852 0.145298
0 0.659205 0.743593 0.0746857 0.147542
0 0.48727 0.786696 0.0766004 0.142101
0 0.741856 0.746838 0.0775717 0.140371
0 0.174083 0.576746 0.0815433 0.136831
0 0.746161 0.368359 0.068702 0.105555
0 0.261923 0.54289 0.0717735 0.135482
0 0.964866 0.617721 0.0702686 0.138653
0 0.356134 0.491173 0.0741543 0.136208
0 0.421386 0.586352 0.0764415 0.129028
0 0.651905 0.885571 0.0732027 0.144358
0 0.745037 0.593264 0.0716892 0.136476
0 0.66548 0.61694 0.0755161 0.132759
0 0.826234 0.8659369 0.073521 0.141713
0 0.565397 0.933175 0.0799758 0.13365
0 0.289375 0.94034 0.0817015 0.11932
0 0.137729 0.82247 0.0880291 0.149675
0 0.38594 0.252325 0.0665859 0.112439
0 0.817809 0.391402 0.0721216 0.103809
0 0.504605 0.660686 0.0698658 0.136639
0 0.281866 0.436197 0.0689665 0.118049
0 0.823358 0.735412 0.0754232 0.129843
0 0.149934 0.695199 0.0802861 0.137313
0 0.80534 0.294344 0.0629383 0.114376
0 0.808266 0.184354 0.0613319 0.115275
0 0.947868 0.367736 0.0658373 0.121635
0 0.59874 0.364318 0.0664802 0.109073
0 0.46692 0.9386199 0.0801881 0.12276
0 0.9323841 0.22796 0.0594299 0.117821
0 0.178509 0.201912 0.0705707 0.114492
0 0.9694102 0.754256 0.0611797 0.140022
0 0.593544 0.473638 0.069926 0.128019
0 0.0665865 0.354554 0.0735408 0.125487
0 0.805188 0.0576865 0.0600365 0.115373
0 0.9529569 0.492611 0.0679538 0.121555
0 0.10292 0.9417471 0.0816866 0.116507
0 0.816186 0.489617 0.0714501 0.128961
0 0.893999 0.615636 0.0710461 0.128132
0 0.585079 0.607809 0.072897 0.134467
0 0.33259 0.629556 0.0710975 0.141179
0 0.743845 0.468404 0.0714898 0.118398
0 0.200151 0.460861 0.0755481 0.134037
0 0.742231 0.103097 0.06046201 0.111302
0 0.371301 0.357744 0.0706483 0.130997
0 0.973541 0.8987479 0.0529181 0.133309
0 0.670118 0.398808 0.0618508 0.107979
0 0.455903 0.340461 0.0673532 0.125365
0 0.400806 0.164222 0.0666108 0.109419
0 0.88743 0.497299 0.0689314 0.124641
0 0.303505 0.328691 0.0743723 0.130311
0 0.541682 0.174213 0.0639529 0.12048
0 0.669287 0.50147 0.0733171 0.120137
0 0.74085 0.217025 0.0619743 0.120298
0 0.61728 0.0680975 0.0604195 0.11396
0 0.158795 0.299099 0.0716363 0.133662
0 0.548965 0.0799894 0.0572999 0.0969863
0 0.676026 0.293486 0.0640419 0.109629
0 0.244455 0.242858 0.0665651 0.126455
0 0.928172 0.123531 0.06207659 0.108802
0 0.817352 0.615837 0.0701439 0.123922
0 0.604881 0.171027 0.058274 0.0961994
0 0.224253 0.354407 0.0673978 0.122638
0 0.209234 0.0819752 0.0648472 0.112096
0 0.437046 0.468813 0.0639351 0.11889
0 0.526554 0.363495 0.064299 0.12917
0 0.469516 0.246463 0.0678448 0.110701
0 0.882302 0.381297 0.0640491 0.115495
0 0.869886 0.191562 0.0614948 0.0913026
0 0.875774 0.277539 0.0671089 0.111371
0 0.0915613 0.259998 0.0700372 0.119593
0 0.0547077 0.134184 0.0669921 0.114444
0 0.603325 0.263321 0.0654788 0.114762
0 0.0310531 0.222643 0.0621062 0.125261
0 0.680309 0.0442218 0.0598347 0.0884435
0 0.192659 0.947868 0.0867013 0.104264
0 0.863674 0.0418138 0.0573938 0.0836276
0 0.678827 0.205499 0.0619728 0.0998496
0 0.141612 0.0849858 0.06166811 0.109466
0 0.117854 0.166868 0.0692834 0.123846
0 0.262442 0.146472 0.0689878 0.118587
0 0.416452 0.0642028 0.0611664 0.113271
0 0.282028 0.0653879 0.0638807 0.109878
0 0.01716492 0.643092 0.0343298 0.123902
0 0.867566 0.115225 0.0579353 0.0870555
0 0.0171586 0.317192 0.0343173 0.0865287
0 0.0320737 0.525008 0.0641473 0.134998
0 0.318248 0.233125 0.0665367 0.111483
0 0.473241 0.15405 0.0603374 0.0996899
0 0.0814074 0.0544943 0.0646795 0.108989
0 0.9824941 0.223684 0.0350127 0.103974
0 0.486884 0.0603071 0.0639439 0.120614
0 0.679762 0.122764 0.0566378 0.0963645
0 0.9754 0.0766077 0.0475266 0.087262
0 0.9898431 0.395843 0.0197895 0.08912
0 0.827106 0.9645438 0.07416 0.0709129
0 0.346011 0.0791815 0.0612232 0.0998137
0 0.985957 0.311336 0.0280851 0.0887237
0 0.9769771 0.144531 0.0430886 0.0952408
0 0.739345 0.967172 0.0663948 0.0656562
0 0.0253166 0.410682 0.0506332 0.132434
0 0.336132 0.145096 0.0692948 0.117345
0 0.909126 0.96783 0.0747887 0.0643408
0 0.916002 0.033815 0.05579169 0.0676299
0 0.383534 0.976563 0.0428741 0.0468748
0 0.005126106 0.75802 0.00995541 0.0747327
0 0.5576456 0.02061988 0.0572999 0.03794758
