0 0.387509 0.711765 0.078559 0.149635
0 0.0647615 0.598168 0.0813786 0.145844
0 0.556323 0.799068 0.0780677 0.147367
0 0.369632 0.860464 0.0788067 0.150015
0 0.881604 0.73663 0.0793819 0.139863
0 0.315312 0.63701 0.0774651 0.144288
0 0.9466121 0.617478 0.0768089 0.13856
0 0.54918 0.9339371 0.0829416 0.132126
0 0.132027 0.696191 0.080358 0.140087
0 0.464775 0.783018 0.0722508 0.140619
0 0.884177 0.873825 0.0793961 0.14973
0 0.722094 0.748598 0.0800629 0.141871
0 0.873963 0.508035 0.0719442 0.111232
0 0.802795 0.8663179 0.0795318 0.141001
0 0.200484 0.818236 0.0861512 0.157058
0 0.151399 0.573614 0.0815541 0.135371
0 0.643613 0.601844 0.0740194 0.129961
0 0.9623759 0.900369 0.0752488 0.14184
0 0.180155 0.458432 0.0745866 0.132125
0 0.723345 0.594726 0.0748143 0.137891
0 0.640389 0.732634 0.0725119 0.151909
0 0.288142 0.775989 0.0761055 0.146883
0 0.797417 0.390842 0.0711516 0.105713
0 0.263662 0.93889 0.0847034 0.122221
0 0.331607 0.48774 0.0752819 0.13758
0 0.955726 0.748038 0.0749969 0.138834
0 0.401772 0.585455 0.0730726 0.133163
0 0.798842 0.618489 0.0703304 0.127828
0 0.22157 0.659769 0.073979 0.135327
0 0.158804 0.202444 0.0685117 0.115997
0 0.450837 0.934565 0.0791113 0.13087
0 0.806853 0.740127 0.073385 0.127266
0 0.635732 0.889067 0.074187 0.143402
0 0.560279 0.604192 0.07244 0.137409
0 0.91083 0.125528 0.0610454 0.10648
0 0.0760853 0.937866 0.0873936 0.124268
0 0.725272 0.366945 0.0690632 0.109784
0 0.799531 0.489703 0.0725366 0.128421
0 0.117998 0.833728 0.0864356 0.154518
0 0.649175 0.481808 0.0672852 0.124503
0 0.600281 0.060527 0.0620797 0.104427
0 0.474398 0.651769 0.0726812 0.133672
0 0.873004 0.613669 0.0729812 0.126861
0 0.573921 0.461657 0.0730348 0.127926
0 0.589416 0.259508 0.065913 0.111923
0 0.245993 0.542554 0.0691102 0.134274
0 0.430275 0.338003 0.0655245 0.123692
0 0.367765 0.250258 0.0651875 0.109563
0 0.133852 0.297691 0.0702566 0.131594
0 0.9398391 0.481563 0.0712706 0.121129
0 0.0485508 0.361139 0.075534 0.126569
0 0.796867 0.284539 0.0602112 0.114877
0 0.354881 0.353561 0.0721561 0.134674
0 0.918551 0.225902 0.0611578 0.115823
0 0.720888 0.0991915 0.0595525 0.113077
0 0.595008 0.160071 0.0553322 0.103294
0 0.506884 0.360709 0.064523 0.125261
0 0.266469 0.428137 0.0647097 0.119886
0 0.205215 0.35261 0.0703703 0.130654
0 0.722896 0.471351 0.0699503 0.115996
0 0.93003 0.362759 0.0679628 0.125801
0 0.41556 0.470328 0.0642358 0.11826
0 0.865213 0.38604 0.0681919 0.125847
0 0.789898 0.0572475 0.0591109 0.114495
0 0.788894 0.18181 0.06243519 0.111602
0 0.533112 0.0685581 0.0524008 0.100709
0 0.166933 0.942345 0.0892289 0.115309
0 0.58198 0.356992 0.0677449 0.114616
0 0.855338 0.275485 0.0618793 0.114696
0 0.726621 0.260444 0.0647485 0.114868
0 0.655375 0.375787 0.0640439 0.113409
0 0.852144 0.113475 0.0583498 0.0916563
0 0.398179 0.0664491 0.0605463 0.110166
0 0.384658 0.165589 0.0664832 0.110177
0 0.0663243 0.262075 0.0722419 0.117289
0 0.853994 0.188769 0.0600963 0.087696
0 0.524722 0.168669 0.061645 0.120185
0 0.223848 0.239084 0.0643537 0.124452
0 0.282196 0.323343 0.0718353 0.127946
0 0.19269 0.0788989 0.0613864 0.121662
0 0.658104 0.119341 0.053453 0.0975635
0 0.02001492 0.526722 0.0400298 0.127746
0 0.0396762 0.134041 0.0688137 0.111815
0 0.657449 0.283098 0.0625936 0.09186172
0 0.442878 0.239831 0.0653937 0.117739
0 0.846868 0.0429005 0.0583611 0.085801
0 0.243165 0.14346 0.0689609 0.114957
0 0.0956717 0.172832 0.0670857 0.127042
0 0.125026 0.0934313 0.0625074 0.110293
0 0.666372 0.0426983 0.0590002 0.0853966
0 0.267609 0.0600415 0.0651743 0.120083
0 0.467261 0.063907 0.0650035 0.1134
0 0.659645 0.1939554 0.05724878 0.09019136
0 0.030241 0.805659 0.060482 0.154334
0 0.9663379 0.06193596 0.0609646 0.0717629
0 0.301442 0.231933 0.0659052 0.116102
0 0.973922 0.220397 0.0503439 0.0944771
0 0.981195 0.389171 0.0376101 0.101251
0 0.456956 0.155372 0.0578194 0.105369
0 0.0679492 0.0579966 0.0660457 0.108034
0 0.9761369 0.304328 0.0459631 0.0931858
0 0.0245506 0.220397 0.0491013 0.124529
0 0.802228 0.964812 0.0716935 0.0703752
0 0.0112727 0.414554 0.0224685 0.10013
0 0.969118 0.137777 0.061763 0.102714
0 0.330449 0.0758053 0.0581037 0.0967596
0 0.717974 0.967406 0.0615826 0.0651877
0 0.317421 0.14333 0.0672669 0.108018
0 0.986921 0.493638 0.0261579 0.115681
0 0.8992469 0.0330546 0.0536373 0.0661093
0 0.364268 0.977805 0.0378115 0.0443894
0 0.990779 0.593869 0.0178595 0.0845099
0 0.9869931 0.508704 0.0246496 0.0881809
0 0.005154716 0.639568 0.0103094 0.0820052
0 0.885923 0.969641 0.0667374 0.0607174
0 0.99472 0.716335 0.0105605 0.0549089
