0 0.48748 0.9263569 0.0830443 0.147285
0 0.1559 0.799372 0.0837778 0.152108
0 0.317605 0.8496441 0.083519 0.151842
0 0.0793254 0.688384 0.0841607 0.139808
0 0.754654 0.730468 0.077203 0.132258
0 0.398666 0.92979 0.0849127 0.14042
0 0.836352 0.732219 0.077841 0.139931
0 0.338348 0.703402 0.0810384 0.149527
0 0.498382 0.78755 0.0771269 0.145334
0 0.758812 0.859161 0.0760801 0.144028
0 0.914466 0.756788 0.0796342 0.13982
0 0.683365 0.594523 0.0723957 0.138802
0 0.923787 0.8932481 0.0819042 0.142793
0 0.676854 0.737437 0.073945 0.141636
0 0.213841 0.933693 0.0864702 0.132614
0 0.199566 0.543967 0.0785595 0.129775
0 0.175911 0.663582 0.0775022 0.135908
0 0.584838 0.8801731 0.0747316 0.142793
0 0.24419 0.768611 0.0793339 0.144845
0 0.597055 0.737948 0.0780271 0.152155
0 0.119172 0.936321 0.0884395 0.127359
0 0.841913 0.867119 0.0779057 0.142709
0 0.42004 0.775895 0.0755418 0.141655
0 0.52324 0.595896 0.0731423 0.137893
0 0.601397 0.607103 0.07576 0.127148
0 0.827833 0.504892 0.0729312 0.112879
0 0.263749 0.628425 0.0787378 0.137609
0 0.102964 0.286645 0.0752088 0.129599
0 0.881444 0.122353 0.0605888 0.106962
0 0.138359 0.453414 0.0785618 0.134868
0 0.566114 0.0574685 0.0597606 0.101762
0 0.759392 0.607499 0.0692072 0.126231
0 0.358022 0.575724 0.0733519 0.130277
0 0.691646 0.366711 0.0660765 0.10745
0 0.909632 0.604095 0.0766537 0.140102
0 0.688586 0.468556 0.0698541 0.122651
0 0.112196 0.571213 0.0775993 0.137165
0 0.61048 0.483512 0.067128 0.126352
0 0.546441 0.254493 0.0641501 0.104457
0 0.264729 0.225131 0.0663875 0.112314
0 0.31622 0.359451 0.0726039 0.128126
0 0.223187 0.432708 0.0694925 0.118691
0 0.364167 0.0658722 0.059989 0.103403
0 0.836475 0.61056 0.0754119 0.12242
0 0.538069 0.352242 0.0687874 0.114898
0 0.755961 0.0563059 0.0576251 0.112612
0 0.293497 0.4753 0.0708251 0.141188
0 0.501585 0.0633494 0.0574412 0.10224
0 0.489638 0.166314 0.061569 0.120088
0 0.531555 0.456484 0.0656319 0.125984
0 0.75741 0.178329 0.0623819 0.110162
0 0.759501 0.38815 0.0672322 0.108478
0 0.132102 0.186151 0.0629433 0.117328
0 0.394115 0.334102 0.06791 0.125183
0 0.244162 0.324817 0.0715897 0.128646
0 0.962186 0.384698 0.0686028 0.108698
0 0.694672 0.0936964 0.0586912 0.112644
0 0.434306 0.644503 0.0656689 0.136946
0 0.163968 0.349323 0.0700796 0.121759
0 0.560274 0.150637 0.0597931 0.109706
0 0.825635 0.269359 0.0660408 0.112978
0 0.829193 0.381895 0.0713718 0.124776
0 0.884907 0.22662 0.0632343 0.115572
0 0.382919 0.451171 0.0630326 0.119439
0 0.966209 0.484883 0.0675812 0.119039
0 0.21239 0.139931 0.0673399 0.117474
0 0.8991969 0.477756 0.0701851 0.11912
0 0.188272 0.233151 0.0688958 0.125282
0 0.689098 0.259242 0.0623125 0.116526
0 0.896754 0.360252 0.0698218 0.121353
0 0.0320731 0.605026 0.0641463 0.138248
0 0.432822 0.0613468 0.0615885 0.110329
0 0.410326 0.231085 0.0630278 0.10955
0 0.757358 0.484163 0.0695187 0.125329
0 0.756687 0.283448 0.0630106 0.111059
0 0.159326 0.0786823 0.0611624 0.112574
0 0.817885 0.109049 0.0540481 0.0911905
0 0.464148 0.356097 0.0615807 0.123388
0 0.616898 0.368865 0.0676439 0.119532
0 0.33284 0.244557 0.0648984 0.123125
0 0.022806 0.357387 0.045612 0.127583
0 0.0592724 0.172511 0.0684176 0.125116
0 0.9566 0.298191 0.0674488 0.0953319
0 0.973564 0.725666 0.0528722 0.134374
0 0.632628 0.0439479 0.059093 0.0878959
0 0.621781 0.279546 0.0613061 0.10309
0 0.0877502 0.0952574 0.0621926 0.109314
0 0.41873 0.148794 0.0581579 0.0986606
0 0.0355572 0.0553526 0.0640861 0.110705
0 0.032646 0.263082 0.065292 0.118491
0 0.623546 0.197853 0.0568278 0.0947556
0 0.632201 0.119238 0.0547805 0.0904121
0 0.823759 0.186164 0.0642253 0.0941945
0 0.0358182 0.933439 0.0716364 0.133122
0 0.0744097 0.820111 0.0886657 0.154905
0 0.9798381 0.874421 0.0403234 0.145824
0 0.348638 0.154398 0.0684257 0.110657
0 0.9724481 0.596113 0.0547085 0.122856
0 0.948212 0.218304 0.0656086 0.0963645
0 0.815602 0.0386588 0.0592171 0.0773176
0 0.233158 0.0580929 0.0615347 0.116186
0 0.281982 0.142975 0.0636026 0.105757
0 0.942308 0.141372 0.0627636 0.095476
0 0.9364921 0.0653968 0.0554558 0.0858338
0 0.97881 0.0454016 0.0404602 0.0908033
0 0.9890611 0.211834 0.0215416 0.0751904
0 0.758626 0.962455 0.0758436 0.0750895
0 0.295235 0.07104934 0.0611021 0.0824002
0 0.9851581 0.122726 0.0296834 0.0999057
0 0.01748636 0.1308101 0.0332366 0.1128934
0 0.839493 0.965819 0.0699707 0.0683617
0 0.2988197 0.969063 0.07730404 0.0585816
0 0.00716824 0.788473 0.0143365 0.097742
0 0.993212 0.300859 0.0133316 0.0739421
0 0.67026 0.9663609 0.0661989 0.0672778
0 0.870954 0.0309204 0.0554928 0.0618407
0 0.981401 0.8532442 0.0371971 0.100964
