0 0.141708 0.792653 0.0804229 0.145762
0 0.563037 0.929024 0.080641 0.141951
0 0.81783 0.6920981 0.0748829 0.132721
0 0.208518 0.8880019 0.083148 0.156891
0 0.0710384 0.719414 0.0800004 0.142398
0 0.651831 0.93278 0.0749211 0.134441
0 0.306066 0.867172 0.0765899 0.148482
0 0.739207 0.688476 0.0738397 0.13852
0 0.74004 0.831863 0.0771973 0.140093
0 0.898109 0.825191 0.0775433 0.147624
0 0.955016 0.503912 0.0751888 0.126164
0 0.530034 0.222754 0.0637897 0.108032
0 0.662166 0.66747 0.0768171 0.13584
0 0.413487 0.678538 0.0746506 0.147589
0 0.10681 0.9409121 0.0861014 0.118176
0 0.657123 0.798422 0.074588 0.142779
0 0.824341 0.821599 0.0780611 0.14297
0 0.190432 0.531107 0.077043 0.128256
0 0.873878 0.342702 0.0621956 0.100308
0 0.172561 0.651808 0.075831 0.142414
0 0.240501 0.722254 0.0757556 0.137211
0 0.494289 0.6825 0.0743309 0.137435
0 0.477446 0.9319211 0.0780745 0.136158
0 0.331247 0.725562 0.074602 0.141589
0 0.15923 0.318994 0.0733322 0.1284
0 0.869913 0.253785 0.0628914 0.100433
0 0.87785 0.434557 0.0669718 0.108389
0 0.240963 0.298909 0.0685164 0.122617
0 0.741236 0.554615 0.0715429 0.135362
0 0.0264822 0.613009 0.0529644 0.134319
0 0.103857 0.576906 0.0732147 0.135964
0 0.606438 0.129176 0.059189 0.10872
0 0.133173 0.444901 0.0756639 0.128283
0 0.585665 0.552471 0.068409 0.119949
0 0.0443226 0.498847 0.0749154 0.13134
0 0.261622 0.205881 0.0639758 0.113882
0 0.40366 0.818227 0.0743004 0.14191
0 0.309091 0.322607 0.0644004 0.123076
0 0.574095 0.795335 0.0684561 0.140082
0 0.581341 0.669322 0.0732958 0.123716
0 0.426109 0.55802 0.0760651 0.131515
0 0.824424 0.9434401 0.0821278 0.113119
0 0.452241 0.323737 0.0584132 0.103249
0 0.892299 0.670008 0.073061 0.128281
0 0.664768 0.531605 0.0665531 0.132262
0 0.670003 0.318395 0.0652528 0.108241
0 0.544219 0.0630994 0.0579841 0.109851
0 0.261322 0.601427 0.0704794 0.132343
0 0.856767 0.0749934 0.0580414 0.0972866
0 0.737033 0.944418 0.0790737 0.111164
0 0.941393 0.397234 0.0670395 0.112406
0 0.202644 0.137815 0.0656319 0.110244
0 0.66857 0.21637 0.0614005 0.109997
0 0.508997 0.531334 0.0699698 0.132288
0 0.341202 0.140071 0.061597 0.118212
0 0.347775 0.542923 0.0719516 0.133787
0 0.604839 0.232421 0.0606041 0.111726
0 0.666412 0.423208 0.0686461 0.113115
0 0.740399 0.423096 0.0610332 0.12207
0 0.369665 0.412425 0.0678909 0.123783
0 0.0734734 0.117437 0.0688561 0.117367
0 0.739471 0.305666 0.0609105 0.120173
0 0.441846 0.430147 0.0684423 0.128439
0 0.0387613 0.8875079 0.0775226 0.154121
0 0.517262 0.410554 0.0679493 0.120455
0 0.3561 0.0491248 0.0515282 0.0982496
0 0.80903 0.569089 0.0686992 0.128463
0 0.592058 0.431331 0.0680375 0.126034
0 0.215398 0.421689 0.0675919 0.117129
0 0.378619 0.9496049 0.0820267 0.10079
0 0.80533 0.432538 0.0682521 0.126735
0 0.068647 0.392748 0.0717863 0.119078
0 0.393238 0.213523 0.0636864 0.113542
0 0.180157 0.220155 0.0670907 0.115981
0 0.734387 0.170825 0.0551972 0.112646
0 0.861659 0.163212 0.0614216 0.102463
0 0.795723 0.0763439 0.0598515 0.112869
0 0.115067 0.219882 0.0654079 0.118972
0 0.883938 0.542723 0.0710365 0.127044
0 0.0434019 0.214601 0.0716953 0.114578
0 0.380158 0.307803 0.0689532 0.113493
0 0.670068 0.134511 0.0575417 0.0954635
0 0.736753 0.0708311 0.0559298 0.102489
0 0.424244 0.0424849 0.0593435 0.0849697
0 0.599457 0.333723 0.0670502 0.105307
0 0.410747 0.123754 0.0549538 0.10145
0 0.224036 0.0484953 0.0609159 0.0969906
0 0.278146 0.12467 0.0581421 0.0997479
0 0.0180914 0.333953 0.0361828 0.0943683
0 0.799567 0.16517 0.0622119 0.0970817
0 0.9148448 0.101713 0.0603533 0.111463
0 0.804217 0.326402 0.0645819 0.104839
0 0.673098 0.0546037 0.0545613 0.0948486
0 0.971755 0.141771 0.0546736 0.0957467
0 0.293162 0.0478175 0.0622981 0.0956349
0 0.02568732 0.0781359 0.0513746 0.107586
0 0.0714761 0.286679 0.0721134 0.11772
0 0.464503 0.23854 0.0626822 0.0975321
0 0.982593 0.328756 0.0348137 0.105046
0 0.907918 0.959456 0.078012 0.0810889
0 0.976481 0.227537 0.0458725 0.106572
0 0.800534 0.245076 0.0623516 0.0867861
0 0.527791 0.3174 0.0673295 0.104137
0 0.477552 0.0817469 0.053213 0.0919534
0 0.0120146 0.7351 0.0240066 0.11627
0 0.140475 0.12518 0.0657536 0.12017
0 0.472306 0.162963 0.0587409 0.099799
0 0.968756 0.0613321 0.0591316 0.0954227
0 0.01039171 0.174456 0.0198993 0.0856851
0 0.0979458 0.0424099 0.0599439 0.0848199
0 0.989063 0.440843 0.0209875 0.0923391
0 0.156872 0.0558098 0.0588879 0.103938
0 0.614937 0.0362561 0.0581241 0.0725121
0 0.285166 0.965855 0.0740537 0.0682899
0 0.01847092 0.429063 0.0369417 0.123515
0 0.9938661 0.564998 0.011988 0.0768964
