0 0.537287 0.9229971 0.0748994 0.149312
0 0.54785 0.786894 0.0771837 0.14209
0 0.147959 0.644323 0.079111 0.144702
0 0.79327 0.806941 0.0764416 0.143243
0 0.0805914 0.575482 0.0790423 0.138833
0 0.193279 0.877077 0.0776101 0.155914
0 0.44808 0.927959 0.0791886 0.144081
0 0.115855 0.796536 0.0813483 0.145818
0 0.283071 0.861938 0.0812913 0.149363
0 0.630778 0.781321 0.0737436 0.143481
0 0.711956 0.547526 0.0726977 0.134305
0 0.105704 0.44454 0.0776331 0.133931
0 0.877971 0.814032 0.0793546 0.143629
0 0.637886 0.647579 0.0780572 0.136118
0 0.301201 0.721916 0.0812088 0.143447
0 0.714158 0.938764 0.0772262 0.122472
0 0.470874 0.677047 0.074911 0.142003
0 0.714724 0.820938 0.0757749 0.139555
0 0.354397 0.942378 0.0794823 0.115245
0 0.64681 0.316456 0.0663872 0.1118
0 0.13913 0.31618 0.0714482 0.127498
0 0.648803 0.419547 0.067718 0.106861
0 0.800556 0.941496 0.0823246 0.117007
0 0.846648 0.248466 0.0669987 0.0992052
0 0.795734 0.676977 0.0742486 0.128793
0 0.508482 0.228582 0.0665284 0.102562
0 0.323487 0.533115 0.072051 0.133206
0 0.0477773 0.722075 0.0771692 0.142103
0 0.403271 0.549952 0.072851 0.12838
0 0.785842 0.431189 0.0663261 0.127994
0 0.345941 0.41149 0.0714949 0.124432
0 0.233966 0.204492 0.0640425 0.111048
0 0.713101 0.296807 0.0639296 0.122827
0 0.214591 0.30021 0.0680746 0.118772
0 0.217606 0.709795 0.0713255 0.13709
0 0.957544 0.1359 0.0606323 0.0976165
0 0.64524 0.212809 0.0600346 0.110603
0 0.168495 0.525355 0.0727787 0.12776
0 0.374156 0.809876 0.0722728 0.137745
0 0.71546 0.67671 0.0719212 0.135382
0 0.857877 0.431723 0.067432 0.108179
0 0.920514 0.383038 0.0650135 0.113676
0 0.787844 0.556076 0.0675745 0.12598
0 0.492079 0.412615 0.0695124 0.108718
0 0.866545 0.662991 0.0722822 0.131083
0 0.287626 0.3185 0.0647393 0.120692
0 0.483827 0.522949 0.0702885 0.133236
0 0.583043 0.118295 0.0582941 0.110228
0 0.716969 0.414911 0.0681681 0.123831
0 0.715988 0.165417 0.0595741 0.114211
0 0.625212 0.927824 0.0721201 0.14116
0 0.582127 0.226046 0.0589459 0.114828
0 0.320947 0.133708 0.0602699 0.11852
0 0.931289 0.495349 0.0712788 0.1249
0 0.391295 0.671362 0.0701354 0.146068
0 0.232666 0.588364 0.0711146 0.13085
0 0.563515 0.543131 0.0656717 0.123014
0 0.440876 0.234027 0.0595427 0.0987541
0 0.574197 0.328758 0.0674927 0.10415
0 0.83337 0.0674686 0.0596514 0.102378
0 0.965961 0.223846 0.065259 0.103601
0 0.856154 0.534706 0.0704262 0.123085
0 0.344039 0.0490372 0.0548734 0.0980743
0 0.523585 0.0559035 0.0572247 0.109577
0 0.570122 0.422975 0.0696924 0.122613
0 0.435653 0.323779 0.0630452 0.104495
0 0.192506 0.417833 0.0619032 0.115473
0 0.0558378 0.117863 0.0658005 0.115154
0 0.8980138 0.103839 0.0574152 0.105676
0 0.777407 0.157833 0.0620377 0.0917206
0 0.389406 0.122449 0.0565334 0.0988835
0 0.377152 0.21362 0.0632675 0.112702
0 0.0515497 0.383929 0.0661372 0.118874
0 0.781917 0.321768 0.0631807 0.102087
0 0.641012 0.521646 0.0683287 0.126086
0 0.205577 0.0635169 0.0605004 0.101197
0 0.0950976 0.215846 0.0650451 0.116985
0 0.0839654 0.94202 0.0862057 0.115959
0 0.713753 0.0648959 0.0536751 0.101836
0 0.557836 0.661607 0.0703501 0.127829
0 0.420617 0.428198 0.0688383 0.125226
0 0.841444 0.160208 0.0641163 0.103671
0 0.774646 0.0750179 0.0600595 0.0958774
0 0.852081 0.334971 0.06517 0.110304
0 0.35996 0.309942 0.0639354 0.115058
0 0.978217 0.434585 0.0435656 0.116757
0 0.182995 0.13983 0.0664331 0.105805
0 0.257054 0.126835 0.05644999 0.107661
0 0.983632 0.564684 0.0327358 0.123605
0 0.881137 0.953778 0.0763057 0.0924439
0 0.2725 0.0461584 0.0643667 0.0923167
0 0.9725689 0.324427 0.0548618 0.10448
0 0.0302784 0.496726 0.0605568 0.128695
0 0.0495331 0.2821091 0.0717673 0.1102358
0 0.462776 0.0791035 0.0504543 0.0924912
0 0.450098 0.159109 0.0595215 0.0985177
0 0.652149 0.128292 0.0564274 0.0914728
0 0.0271783 0.882378 0.0543565 0.141368
0 0.118237 0.128466 0.0640057 0.10975
0 0.779049 0.236679 0.0594937 0.0873909
0 0.0147918 0.611648 0.0295836 0.111456
0 0.652351 0.0487004 0.0543072 0.0936002
0 0.139433 0.058489 0.059467 0.0948587
0 0.402608 0.0413382 0.0600496 0.0826765
0 0.162661 0.219243 0.0641652 0.116014
0 0.256394 0.959504 0.0830648 0.0809928
0 0.503197 0.317098 0.0682298 0.110505
0 0.94923 0.0586279 0.0572478 0.0834448
0 0.0171239 0.0802849 0.0342477 0.109443
0 0.01154221 0.413244 0.0222853 0.079162
0 0.594091 0.0346267 0.0576038 0.0692534
0 0.99064 0.687708 0.0186878 0.095359
0 0.0797977 0.0430715 0.0617182 0.086143
0 0.01032098 0.339169 0.020642 0.0879573
0 0.889913 0.0361558 0.05760689 0.0723116
0 0.9852412 0.0322234 0.0283134 0.0644468
0 0.0940949 0.941798 0.0626328 0.116404
0 0.98435 0.549682 0.0305507 0.094611
0 0.03142367 0.2129733 0.0611112 0.1069437
