7 0.7376821 0.3578644 0.2548782 0.3737774
7 0.06407102 0.3617224 0.126406 0.1716169
7 0.02891477 0.2205187 0.05609344 0.1299502
7 0.5914147 0.7621854 0.3251907 0.46637
7 0.8763021 0.8285434 0.2456598 0.3398268
7 0.921441 0.4759199 0.1206598 0.2858145
7 0.968316 0.1132656 0.061632 0.1623577
7 0.7526042 0.07716049 0.1232639 0.1512346
8 0.232924 0.5602708 0.2599169 0.2404601
8 0.08291689 0.5047153 0.1640977 0.1818181
8 0.3863023 0.6644375 0.262188 0.3068182
9 0.4506792 0.154379 0.4179761 0.3056716
