0 0.7734376 0.8213735 0.3767362 0.3510803
0 0.8888888 0.3506944 0.2204862 0.5270062
0 0.3912443 0.03271982 0.1478281 0.06286316
1 0.7686632 0.08834878 0.2578125 0.1705247
2 0.5564236 0.05131173 0.1892361 0.09953704
2 0.4340278 0.2179784 0.2135417 0.3341049
2 0.2868924 0.568287 0.2161458 0.3125
3 0.5985243 0.3317901 0.1727431 0.3040124
3 0.4878472 0.7114198 0.2777778 0.3904321
4 0.2790799 0.2052469 0.1779514 0.2083333
4 0.1532118 0.4876543 0.1779514 0.242284
4 0.2018229 0.1527778 0.1762153 0.2052469
4 0.06163194 0.4158951 0.1215278 0.2283951
6 0.06510416 0.1010802 0.1284722 0.1851852
