0 0.8424479 0.853781 0.313368 0.2893518
0 0.949219 0.4340278 0.09982637 0.4436728
0 0.4635417 0.04128087 0.1770833 0.07947531
1 0.8602431 0.1053241 0.2777778 0.2075617
2 0.6280382 0.06211421 0.2039931 0.121142
2 0.516059 0.2426697 0.2005208 0.3371913
2 0.3580729 0.6168981 0.2282986 0.3263889
3 0.7018229 0.3842593 0.1970486 0.3317901
3 0.5742188 0.7804784 0.3012153 0.4112654
4 0.3550347 0.2345679 0.2092014 0.2237654
4 0.2643229 0.1828704 0.1979167 0.2067901
4 0.2213542 0.5285494 0.1901042 0.2654321
4 0.09396701 0.4390432 0.1792535 0.2376543
6 0.1011285 0.1084105 0.1762153 0.2137346
