0 0.5303819 0.05671296 0.1753472 0.1103395
0 0.8862847 0.9039352 0.2256944 0.1890432
1 0.9049479 0.1138117 0.1883681 0.224537
2 0.7170139 0.06520062 0.2326389 0.1273148
2 0.5907118 0.2820216 0.2578125 0.3665124
2 0.4392361 0.6670524 0.2569444 0.3433642
3 0.6471354 0.8074847 0.2734375 0.378858
3 0.781684 0.410108 0.1866319 0.3680556
4 0.3038194 0.1990741 0.1987847 0.2145062
4 0.140625 0.4814815 0.2109375 0.2484568
4 0.2881944 0.566358 0.2213542 0.2762346
4 0.4192708 0.2523148 0.2005208 0.2314815
6 0.1462674 0.1199846 0.1779514 0.2276235
6 0.03342014 0.08989198 0.06510416 0.1766975
6 0.0546875 0.376929 0.1076389 0.2631173
