0 0.6041667 0.06751543 0.2256944 0.1319444
1 0.9574653 0.1319444 0.08333334 0.2407407
2 0.8072917 0.08449074 0.2465278 0.1658951
2 0.6853299 0.3352624 0.2821181 0.3927469
2 0.53125 0.744213 0.2864583 0.3834876
3 0.9027778 0.4830247 0.1927083 0.3842593
3 0.8051215 0.8499227 0.3567708 0.2970679
4 0.3602431 0.2260803 0.1875 0.2453704
4 0.4921875 0.2885802 0.2204861 0.2592593
4 0.3559028 0.6296296 0.2274306 0.2993827
4 0.1875 0.5246913 0.21875 0.2808642
6 0.1883681 0.1400463 0.1840278 0.246142
6 0.05729169 0.1045525 0.1128473 0.2060185
6 0.08159722 0.3838735 0.1614584 0.3603395
