0 0.6979167 0.08371913 0.2291667 0.1643519
2 0.9001736 0.1084105 0.1979167 0.2106481
2 0.8012153 0.3777006 0.3107639 0.4313272
2 0.6488715 0.8094136 0.3098958 0.3780864
3 0.9661458 0.5270061 0.06597222 0.3487654
3 0.8962674 0.8985339 0.2057292 0.1998457
4 0.4409722 0.2746913 0.2083333 0.2453704
4 0.5842014 0.3441358 0.2378472 0.2700617
4 0.4457465 0.6998457 0.2387153 0.3302469
4 0.2695313 0.5856481 0.2352431 0.2962963
6 0.1050347 0.4448303 0.2083333 0.3804012
6 0.2625868 0.1793981 0.1970486 0.253858
6 0.08940972 0.1246142 0.1701389 0.246142
