0 0.8064236 0.1084105 0.2552083 0.2137346
2 0.8919271 0.4552469 0.2144097 0.462963
2 0.9552951 0.1574074 0.08767361 0.1944444
2 0.7955729 0.8572531 0.3585069 0.2824074
4 0.515191 0.3217593 0.1831597 0.2654321
4 0.3641493 0.6712963 0.2456597 0.3225309
4 0.5572917 0.7893519 0.265625 0.3734568
4 0.6931424 0.4097222 0.2508681 0.3117284
5 0.4032118 0.04128087 0.1293403 0.07947531
6 0.1610243 0.4996142 0.250868 0.4097222
6 0.04817708 0.4039352 0.094618 0.2739197
6 0.1727431 0.1508488 0.2361111 0.2430555
6 0.3320313 0.2241512 0.1901041 0.2662036
7 0.04557292 0.08449074 0.08940972 0.1658951
