0 0.8969184 0.1435185 0.2044271 0.2700617
2 0.8927951 0.9054784 0.2126736 0.1859568
2 0.9674479 0.5574846 0.06336805 0.3078704
4 0.6236979 0.3611111 0.2065972 0.2808642
4 0.4704861 0.7469136 0.2647569 0.3518519
4 0.8259549 0.4814815 0.2569444 0.3240741
4 0.6875 0.8371913 0.2647569 0.3225309
5 0.4930556 0.05671296 0.1371528 0.1103395
6 0.2482639 0.1902007 0.2569444 0.2631172
6 0.421441 0.2827933 0.2092014 0.2600308
6 0.2560765 0.5636575 0.2916667 0.4205246
6 0.06597225 0.4440587 0.1302084 0.3449073
7 0.1059028 0.1003086 0.09722222 0.1959877
