0 0.9674479 0.1859568 0.06336805 0.154321
4 0.7724379 0.4378897 0.2402497 0.3195536
4 0.610664 0.8222153 0.2814604 0.3524519
4 0.8713129 0.8759938 0.2556204 0.2448948
4 0.9304984 0.5361758 0.1372492 0.3197171
5 0.5907118 0.07368827 0.1449653 0.1442901
6 0.3325873 0.2236826 0.2661558 0.2997143
6 0.1557479 0.5138316 0.2338728 0.3418019
6 0.361642 0.6196881 0.2883953 0.4846444
6 0.5252095 0.3231622 0.1836547 0.2997143
7 0.1805555 0.1222994 0.1076389 0.2415124
7 0.03038193 0.1145833 0.05902775 0.2260803
7 0.04875098 0.4118107 0.09576584 0.3103829
